0 0.0703125 0.439453125 0.025 0.06640625
0 0.2484375 0.45703125 0.021875 0.05859375
0 0.35 0.458984375 0.021875 0.0625
0 0.4328125 0.458984375 0.028125 0.04296875
0 0.8078125 0.4794921875 0.028125 0.064453125
0 0.89296875 0.4892578125 0.0296875 0.107421875
0 0.93203125 0.4990234375 0.0296875 0.072265625
0 0.984375 0.474609375 0.025 0.06640625
2 0.52890625 0.4599609375 0.0359375 0.037109375
2 0.615625 0.474609375 0.04375 0.04296875
2 0.59453125 0.466796875 0.0234375 0.0390625
2 0.9625 0.68359375 0.065625 0.16796875
2 0.58359375 0.4619140625 0.0203125 0.033203125
2 0.57265625 0.4580078125 0.0203125 0.025390625
0 0.70625 0.466796875 0.01875 0.046875
0 0.2828125 0.4521484375 0.01875 0.033203125
0 0.3 0.447265625 0.01875 0.02734375
0 0.1390625 0.4560546875 0.028125 0.083984375
