0 0.909375 0.43359375 0.025 0.10546875
0 0.84765625 0.4404296875 0.0546875 0.119140625
0 0.771875 0.4345703125 0.021875 0.083984375
0 0.73828125 0.4306640625 0.0203125 0.072265625
0 0.7203125 0.408203125 0.021875 0.03515625
0 0.60859375 0.4482421875 0.0453125 0.111328125
2 0.46484375 0.43359375 0.0265625 0.0234375
2 0.41796875 0.43359375 0.0234375 0.02734375
0 0.25234375 0.4296875 0.0140625 0.03125
0 0.2046875 0.4287109375 0.01875 0.041015625
0 0.16484375 0.435546875 0.0203125 0.05859375
0 0.1484375 0.4326171875 0.01875 0.052734375
