2 0.48515625 0.4375 0.0140625 0.0234375
0 0.45703125 0.4345703125 0.0109375 0.041015625
0 0.4484375 0.43359375 0.00625 0.04296875
0 0.44140625 0.4345703125 0.0109375 0.041015625
0 0.4109375 0.43359375 0.0125 0.0390625
0 0.33515625 0.4326171875 0.0109375 0.037109375
0 0.22890625 0.43359375 0.0109375 0.04296875
0 0.21484375 0.427734375 0.0171875 0.04296875
0 0.2015625 0.4267578125 0.0125 0.041015625
0 0.190625 0.421875 0.015625 0.03125
0 0.146875 0.42578125 0.01875 0.03515625
0 0.1296875 0.4365234375 0.01875 0.076171875
0 0.10078125 0.435546875 0.0171875 0.07421875
0 0.08125 0.44140625 0.021875 0.0703125
