2 0.4890625 0.5322265625 0.06875 0.087890625
2 0.51328125 0.509765625 0.0515625 0.0703125
2 0.4125 0.5927734375 0.209375 0.212890625
0 0.25078125 0.5 0.0234375 0.05078125
0 0.634375 0.5205078125 0.028125 0.064453125
0 0.70546875 0.513671875 0.0265625 0.07421875
0 0.7421875 0.51171875 0.028125 0.0703125
0 0.88671875 0.5029296875 0.0265625 0.037109375
0 0.85703125 0.5224609375 0.0265625 0.103515625
0 0.8125 0.49609375 0.01875 0.0546875
0 0.9875 0.5244140625 0.01875 0.091796875
0 0.3421875 0.501953125 0.01875 0.0546875
