0 0.32578125 0.4873046875 0.0484375 0.169921875
0 0.4421875 0.466796875 0.028125 0.07421875
0 0.4640625 0.462890625 0.021875 0.078125
0 0.65390625 0.470703125 0.0421875 0.14453125
0 0.68046875 0.47265625 0.0296875 0.12109375
2 0.80703125 0.45703125 0.0578125 0.0703125
2 0.87578125 0.4716796875 0.0484375 0.099609375
2 0.9703125 0.4853515625 0.053125 0.123046875
0 0.925 0.490234375 0.071875 0.27734375
0 0.1703125 0.48046875 0.01875 0.046875
0 0.12578125 0.486328125 0.0203125 0.03515625
0 0.35703125 0.4619140625 0.0140625 0.029296875
0 0.36953125 0.4609375 0.0140625 0.03515625
0 0.55078125 0.4560546875 0.0203125 0.044921875
0 0.575 0.451171875 0.01875 0.05859375
0 0.5859375 0.453125 0.01875 0.05078125
0 0.6015625 0.4541015625 0.01875 0.056640625
2 0.72578125 0.453125 0.0359375 0.05859375
