2 0.9375 0.57421875 0.11875 0.26953125
2 0.7546875 0.5302734375 0.2125 0.166015625
2 0.62421875 0.4912109375 0.1203125 0.111328125
2 0.58671875 0.4775390625 0.0859375 0.099609375
2 0.5328125 0.4794921875 0.034375 0.056640625
2 0.01953125 0.5361328125 0.0421875 0.119140625
2 0.07734375 0.5166015625 0.0890625 0.107421875
2 0.1328125 0.501953125 0.028125 0.08984375
2 0.10703125 0.44921875 0.0890625 0.0234375
2 0.4875 0.4638671875 0.0375 0.041015625
1 0.2671875 0.498046875 0.01875 0.0390625
2 0.4609375 0.46484375 0.021875 0.02734375
2 0.446875 0.462890625 0.021875 0.0234375
2 0.39375 0.4638671875 0.021875 0.025390625
2 0.3796875 0.4638671875 0.021875 0.025390625
2 0.3640625 0.46484375 0.01875 0.02734375
2 0.33359375 0.4638671875 0.0421875 0.041015625
0 0.265625 0.4580078125 0.025 0.044921875
0 0.159375 0.4970703125 0.025 0.087890625
