0 0.85 0.443359375 0.071875 0.08984375
0 0.69765625 0.4931640625 0.0546875 0.220703125
2 0.96796875 0.5478515625 0.0578125 0.138671875
2 0.940625 0.4638671875 0.109375 0.064453125
2 0.77734375 0.494140625 0.1015625 0.140625
2 0.61875 0.498046875 0.1 0.109375
2 0.57421875 0.4482421875 0.2203125 0.138671875
2 0.4671875 0.4443359375 0.10625 0.123046875
2 0.37578125 0.4658203125 0.0703125 0.060546875
2 0.16171875 0.4609375 0.1328125 0.09375
2 0.065625 0.404296875 0.13125 0.12109375
2 0.06640625 0.4970703125 0.1359375 0.130859375
2 0.05 0.537109375 0.096875 0.1171875
2 0.39921875 0.4775390625 0.0484375 0.052734375
2 0.33125 0.4658203125 0.03125 0.041015625
