2 0.884375 0.458984375 0.0625 0.1171875
0 0.98125 0.48828125 0.03125 0.2890625
0 0.93671875 0.5166015625 0.0734375 0.275390625
0 0.83046875 0.5 0.0765625 0.25390625
0 0.784375 0.484375 0.0375 0.19921875
0 0.7390625 0.513671875 0.08125 0.265625
0 0.69375 0.5029296875 0.05 0.212890625
0 0.1234375 0.484375 0.021875 0.03515625
0 0.10703125 0.4931640625 0.0234375 0.044921875
0 0.20703125 0.4833984375 0.0203125 0.044921875
0 0.428125 0.462890625 0.025 0.0625
0 0.64921875 0.462890625 0.0234375 0.07421875
0 0.63046875 0.4599609375 0.0265625 0.076171875
0 0.55234375 0.453125 0.0203125 0.046875
