2 0.94140625 0.521484375 0.1109375 0.16796875
2 0.87890625 0.482421875 0.2359375 0.18359375
2 0.80390625 0.47265625 0.1359375 0.14453125
2 0.72421875 0.4697265625 0.0234375 0.060546875
2 0.59375 0.498046875 0.265625 0.34375
2 0.41328125 0.4658203125 0.1390625 0.146484375
0 0.40703125 0.484375 0.0421875 0.1640625
2 0.2703125 0.46875 0.184375 0.16015625
2 0.20078125 0.48046875 0.2734375 0.234375
2 0.06875 0.384765625 0.140625 0.07421875
2 0.0578125 0.5498046875 0.11875 0.255859375
3 0.34375 0.5546875 0.071875 0.08203125
