0 0.07890625 0.5068359375 0.0296875 0.091796875
0 0.053125 0.470703125 0.021875 0.0390625
2 0.45078125 0.4794921875 0.0421875 0.044921875
2 0.5015625 0.5 0.04375 0.0625
2 0.47578125 0.5166015625 0.0671875 0.060546875
0 0.0421875 0.515625 0.040625 0.1015625
0 0.33203125 0.4765625 0.0203125 0.04296875
0 0.3546875 0.46484375 0.021875 0.0234375
0 0.5765625 0.4599609375 0.015625 0.029296875
0 0.9546875 0.484375 0.021875 0.07421875
2 0.6171875 0.4619140625 0.025 0.029296875
1 0.984375 0.599609375 0.025 0.08984375
0 0.9796875 0.5078125 0.034375 0.09375
