0 0.11171875 0.443359375 0.0484375 0.08203125
0 0.21640625 0.4609375 0.0421875 0.06640625
0 0.3203125 0.431640625 0.040625 0.08203125
0 0.48125 0.4248046875 0.025 0.056640625
0 0.57109375 0.4296875 0.0265625 0.05078125
0 0.60859375 0.4228515625 0.0359375 0.060546875
0 0.53671875 0.4296875 0.0328125 0.046875
2 0.78046875 0.4384765625 0.0609375 0.060546875
2 0.9671875 0.4287109375 0.059375 0.087890625
2 0.22109375 0.4287109375 0.1578125 0.115234375
1 0.11015625 0.501953125 0.0421875 0.06640625
1 0.02734375 0.50390625 0.0578125 0.0703125
2 0.09375 0.4140625 0.078125 0.05859375
1 0.33125 0.4873046875 0.05 0.064453125
1 0.2171875 0.5 0.059375 0.05859375
1 0.38828125 0.482421875 0.0421875 0.05078125
1 0.43984375 0.470703125 0.0453125 0.046875
1 0.4921875 0.46484375 0.040625 0.046875
1 0.53984375 0.4609375 0.0421875 0.04296875
0 0.3859375 0.4365234375 0.040625 0.052734375
0 0.43515625 0.4365234375 0.0234375 0.052734375
1 0.609375 0.4541015625 0.03125 0.029296875
