0 0.19140625 0.478515625 0.0203125 0.046875
0 0.1734375 0.4833984375 0.01875 0.052734375
0 0.69609375 0.484375 0.0421875 0.140625
0 0.7296875 0.4736328125 0.046875 0.154296875
0 0.59453125 0.458984375 0.0296875 0.078125
2 0.80625 0.462890625 0.05625 0.07421875
2 0.9234375 0.447265625 0.14375 0.13671875
2 0.94921875 0.4892578125 0.0890625 0.111328125
2 0.33828125 0.595703125 0.5578125 0.2734375
0 0.553125 0.455078125 0.01875 0.04296875
0 0.1109375 0.4970703125 0.021875 0.052734375
0 0.1265625 0.4873046875 0.021875 0.033203125
0 0.61640625 0.4609375 0.0203125 0.078125
0 0.64453125 0.4560546875 0.0265625 0.083984375
0 0.659375 0.451171875 0.021875 0.078125
