2 0.059375 0.5244140625 0.121875 0.158203125
2 0.20078125 0.4912109375 0.1046875 0.099609375
2 0.31640625 0.4775390625 0.0734375 0.072265625
0 0.75 0.484375 0.065625 0.16015625
0 0.66796875 0.4873046875 0.0421875 0.107421875
0 0.57734375 0.474609375 0.0328125 0.08203125
1 0.7515625 0.5400390625 0.04375 0.099609375
1 0.66796875 0.5234375 0.0234375 0.05859375
1 0.61796875 0.509765625 0.0203125 0.03515625
1 0.5796875 0.5068359375 0.01875 0.041015625
0 0.6171875 0.478515625 0.021875 0.0625
0 0.553125 0.4755859375 0.01875 0.044921875
0 0.53046875 0.478515625 0.0203125 0.05078125
2 0.4515625 0.4814453125 0.01875 0.021484375
