2 0.91796875 0.5625 0.1578125 0.24609375
2 0.75078125 0.525390625 0.1734375 0.19140625
2 0.6296875 0.5048828125 0.06875 0.134765625
2 0.5765625 0.490234375 0.0375 0.09765625
2 0.5203125 0.474609375 0.021875 0.08203125
2 0.0328125 0.494140625 0.06875 0.0859375
2 0.0953125 0.4833984375 0.0625 0.076171875
2 0.1484375 0.482421875 0.05625 0.0625
2 0.49921875 0.47265625 0.0234375 0.0546875
2 0.54609375 0.4853515625 0.0296875 0.076171875
2 0.465625 0.4619140625 0.04375 0.041015625
2 0.3546875 0.4638671875 0.021875 0.025390625
2 0.303125 0.466796875 0.01875 0.0234375
2 0.28671875 0.4619140625 0.0203125 0.029296875
2 0.2640625 0.4580078125 0.025 0.044921875
2 0.2515625 0.46875 0.021875 0.03125
2 0.2234375 0.46484375 0.03125 0.0390625
2 0.19609375 0.4736328125 0.0296875 0.033203125
