0 0.8515625 0.5087890625 0.053125 0.193359375
2 0.803125 0.494140625 0.06875 0.09375
2 0.93203125 0.4873046875 0.1296875 0.115234375
2 0.70625 0.466796875 0.040625 0.0703125
2 0.63671875 0.4853515625 0.1015625 0.107421875
2 0.52734375 0.455078125 0.0515625 0.0546875
2 0.55859375 0.44921875 0.0234375 0.03515625
2 0.45 0.451171875 0.05625 0.05859375
2 0.3984375 0.453125 0.034375 0.046875
2 0.35625 0.455078125 0.05625 0.0703125
2 0.3390625 0.466796875 0.046875 0.0625
2 0.3015625 0.470703125 0.046875 0.07421875
2 0.2328125 0.474609375 0.121875 0.1171875
0 0.4921875 0.4365234375 0.0125 0.021484375
2 0.58984375 0.4716796875 0.0359375 0.076171875
