0 0.734375 0.47265625 0.015625 0.0546875
0 0.72265625 0.47265625 0.0109375 0.05078125
0 0.7125 0.4697265625 0.009375 0.044921875
0 0.70546875 0.46875 0.0078125 0.05078125
0 0.69296875 0.470703125 0.0140625 0.0625
0 0.67890625 0.4736328125 0.0109375 0.056640625
0 0.66484375 0.47265625 0.0109375 0.0546875
0 0.65546875 0.470703125 0.0109375 0.0546875
0 0.6375 0.470703125 0.0125 0.05078125
0 0.6203125 0.47265625 0.0125 0.05078125
0 0.61015625 0.4599609375 0.0109375 0.029296875
0 0.59765625 0.4580078125 0.0109375 0.037109375
0 0.5828125 0.4560546875 0.0125 0.037109375
0 0.56875 0.4560546875 0.0125 0.041015625
2 0.46640625 0.439453125 0.0171875 0.015625
2 0.45078125 0.4794921875 0.0734375 0.068359375
2 0.3453125 0.44921875 0.025 0.02734375
2 0.05 0.505859375 0.103125 0.12890625
