2 0.503125 0.4990234375 0.10625 0.123046875
0 0.24375 0.470703125 0.009375 0.0390625
0 0.23203125 0.4736328125 0.0109375 0.041015625
0 0.20859375 0.474609375 0.0109375 0.03515625
0 0.19921875 0.4755859375 0.0078125 0.037109375
0 0.18359375 0.4755859375 0.0109375 0.037109375
0 0.3125 0.4697265625 0.009375 0.029296875
0 0.303125 0.46875 0.009375 0.02734375
0 0.29453125 0.470703125 0.0109375 0.02734375
0 0.28203125 0.4716796875 0.0078125 0.029296875
0 0.2703125 0.474609375 0.009375 0.03515625
0 0.25859375 0.474609375 0.0109375 0.03515625
0 0.15625 0.4716796875 0.0125 0.048828125
0 0.1375 0.4736328125 0.0125 0.056640625
0 0.1203125 0.478515625 0.0125 0.0546875
0 0.09921875 0.482421875 0.0140625 0.0546875
0 0.0546875 0.4560546875 0.01875 0.041015625
1 0.05546875 0.498046875 0.0296875 0.0390625
0 0.01640625 0.484375 0.0203125 0.07421875
