2 0.534375 0.50390625 0.103125 0.10546875
0 0.30234375 0.486328125 0.0140625 0.03515625
0 0.29140625 0.4873046875 0.0109375 0.025390625
0 0.2796875 0.48828125 0.009375 0.0234375
0 0.27265625 0.48828125 0.0140625 0.03515625
0 0.25546875 0.484375 0.0109375 0.03515625
0 0.24296875 0.4853515625 0.0109375 0.037109375
0 0.23203125 0.484375 0.0109375 0.0390625
0 0.21953125 0.4853515625 0.0109375 0.037109375
0 0.20390625 0.486328125 0.0109375 0.0390625
0 0.19140625 0.48828125 0.0109375 0.03515625
0 0.18359375 0.4892578125 0.0109375 0.041015625
0 0.1609375 0.4853515625 0.0125 0.048828125
0 0.1453125 0.4873046875 0.0125 0.048828125
0 0.12578125 0.4873046875 0.0171875 0.056640625
0 0.10703125 0.48828125 0.0140625 0.05859375
0 0.08125 0.4912109375 0.01875 0.064453125
0 0.0546875 0.4921875 0.01875 0.05859375
0 0.03984375 0.4990234375 0.0203125 0.044921875
0 0.015625 0.4970703125 0.01875 0.068359375
0 0.00390625 0.4990234375 0.0109375 0.056640625
2 0.40234375 0.48828125 0.0265625 0.02734375
