0 0.021875 0.51171875 0.0375 0.1328125
0 0.2296875 0.4619140625 0.028125 0.064453125
0 0.25859375 0.47265625 0.0265625 0.0703125
0 0.62890625 0.4931640625 0.0359375 0.091796875
0 0.98359375 0.5478515625 0.0265625 0.166015625
1 0.63125 0.5400390625 0.025 0.052734375
1 0.2546875 0.50390625 0.025 0.05078125
2 0.75234375 0.4609375 0.0671875 0.0546875
2 0.6578125 0.478515625 0.04375 0.0625
2 0.56640625 0.453125 0.0515625 0.0390625
2 0.4390625 0.44140625 0.040625 0.0234375
2 0.4671875 0.443359375 0.0375 0.03125
0 0.12890625 0.4814453125 0.0265625 0.091796875
0 0.53046875 0.4384765625 0.0203125 0.037109375
