2 0.959375 0.5244140625 0.071875 0.162109375
2 0.64609375 0.4658203125 0.0265625 0.025390625
0 0.5859375 0.451171875 0.0125 0.0234375
1 0.584375 0.4794921875 0.015625 0.029296875
2 0.46015625 0.4609375 0.0328125 0.03515625
2 0.4109375 0.453125 0.028125 0.0234375
2 0.37421875 0.466796875 0.0265625 0.0390625
2 0.3359375 0.4658203125 0.034375 0.037109375
2 0.26015625 0.4580078125 0.0484375 0.025390625
2 0.22109375 0.4599609375 0.0265625 0.025390625
2 0.18671875 0.458984375 0.0234375 0.0234375
2 0.08515625 0.4833984375 0.0421875 0.052734375
2 0.0421875 0.4853515625 0.040625 0.037109375
2 0.01171875 0.486328125 0.0203125 0.04296875
2 0.146875 0.47265625 0.0375 0.0703125
