0 0.471875 0.453125 0.040625 0.13671875
2 0.69296875 0.46875 0.2171875 0.19921875
2 0.971875 0.46875 0.046875 0.08984375
2 0.54765625 0.4462890625 0.0828125 0.080078125
2 0.02109375 0.4892578125 0.0453125 0.142578125
2 0.08046875 0.4775390625 0.1171875 0.099609375
2 0.1546875 0.4599609375 0.09375 0.103515625
2 0.2109375 0.458984375 0.046875 0.0859375
2 0.31171875 0.4501953125 0.0203125 0.044921875
2 0.3328125 0.4482421875 0.021875 0.041015625
2 0.35 0.4443359375 0.0125 0.029296875
2 0.5765625 0.4970703125 0.025 0.052734375
2 0.503125 0.4541015625 0.021875 0.044921875
2 0.45 0.443359375 0.01875 0.0234375
2 0.4359375 0.443359375 0.0125 0.01953125
2 0.3921875 0.443359375 0.01875 0.01953125
2 0.3796875 0.443359375 0.015625 0.01953125
2 0.365625 0.4423828125 0.01875 0.029296875
2 0.28828125 0.4541015625 0.0453125 0.041015625
