2 0.09609375 0.5859375 0.1953125 0.22265625
2 0.20546875 0.5390625 0.1265625 0.11328125
2 0.2625 0.513671875 0.08125 0.08984375
2 0.30546875 0.50390625 0.0546875 0.08203125
2 0.334375 0.4912109375 0.0625 0.076171875
2 0.59921875 0.48046875 0.0828125 0.0859375
2 0.7125 0.533203125 0.1875 0.16015625
2 0.80703125 0.6123046875 0.2203125 0.197265625
2 0.8921875 0.75390625 0.20625 0.3828125
0 0.52734375 0.4638671875 0.0203125 0.060546875
2 0.41640625 0.453125 0.0328125 0.046875
2 0.87578125 0.4873046875 0.0734375 0.060546875
2 0.36640625 0.470703125 0.0515625 0.07421875
2 0.14296875 0.451171875 0.0609375 0.02734375
2 0.09921875 0.4501953125 0.0484375 0.029296875
2 0.79375 0.4833984375 0.0625 0.056640625
