1 0.82734375 0.61328125 0.0953125 0.12890625
1 0.64375 0.546875 0.03125 0.078125
1 0.171875 0.5205078125 0.03125 0.076171875
1 0.203125 0.5009765625 0.021875 0.052734375
0 0.14296875 0.470703125 0.0234375 0.07421875
1 0.47265625 0.4951171875 0.0140625 0.041015625
1 0.4328125 0.4912109375 0.015625 0.041015625
0 0.95 0.4521484375 0.05 0.123046875
0 0.3265625 0.4638671875 0.015625 0.044921875
0 0.23671875 0.4609375 0.0109375 0.0390625
0 0.2234375 0.4599609375 0.015625 0.041015625
1 0.403125 0.48046875 0.0125 0.0234375
2 0.92265625 0.5439453125 0.0984375 0.177734375
2 0.75390625 0.5322265625 0.0609375 0.134765625
2 0.59765625 0.490234375 0.0546875 0.1015625
2 0.52109375 0.4765625 0.0578125 0.0546875
0 0.8125 0.4814453125 0.1 0.162109375
2 0.721875 0.5087890625 0.11875 0.134765625
0 0.6421875 0.4833984375 0.0625 0.138671875
0 0.47578125 0.4462890625 0.0234375 0.060546875
0 0.43359375 0.4541015625 0.0203125 0.044921875
0 0.4046875 0.4609375 0.01875 0.02734375
2 0.3796875 0.462890625 0.025 0.0234375
0 0.20390625 0.4521484375 0.0203125 0.044921875
0 0.171875 0.4833984375 0.040625 0.123046875
