2 0.5953125 0.49609375 0.1625 0.1484375
2 0.32265625 0.4599609375 0.0578125 0.056640625
2 0.38203125 0.462890625 0.0390625 0.046875
0 0.41171875 0.4658203125 0.0484375 0.119140625
0 0.23828125 0.4521484375 0.0203125 0.060546875
0 0.76640625 0.4404296875 0.0359375 0.072265625
0 0.66015625 0.4404296875 0.0140625 0.041015625
0 0.64453125 0.4306640625 0.0140625 0.029296875
0 0.52890625 0.4384765625 0.0171875 0.048828125
0 0.94140625 0.4189453125 0.0171875 0.025390625
1 0.4234375 0.4755859375 0.009375 0.029296875
1 0.9 0.4921875 0.046875 0.1171875
1 0.721875 0.4794921875 0.025 0.052734375
0 0.73046875 0.44921875 0.0109375 0.01953125
0 0.425 0.443359375 0.015625 0.04296875
0 0.44296875 0.4443359375 0.0140625 0.037109375
2 0.45859375 0.4453125 0.0171875 0.03515625
1 0.43828125 0.4794921875 0.0109375 0.025390625
0 0.28046875 0.4541015625 0.0140625 0.048828125
1 0.95234375 0.513671875 0.0484375 0.07421875
