0 0.73984375 0.4716796875 0.0234375 0.099609375
0 0.765625 0.45703125 0.021875 0.1015625
0 0.9265625 0.521484375 0.025 0.11328125
0 0.9484375 0.509765625 0.025 0.12890625
0 0.9734375 0.5107421875 0.0375 0.119140625
0 0.378125 0.4765625 0.03125 0.08984375
0 0.3359375 0.4580078125 0.025 0.068359375
0 0.69296875 0.4521484375 0.0296875 0.056640625
0 0.28515625 0.45703125 0.0203125 0.06640625
0 0.48828125 0.44921875 0.0140625 0.02734375
2 0.56484375 0.4580078125 0.0265625 0.025390625
0 0.50625 0.4501953125 0.0125 0.029296875
2 0.45546875 0.4580078125 0.0203125 0.029296875
1 0.375 0.494140625 0.021875 0.0625
0 0.3078125 0.435546875 0.01875 0.02734375
