0 0.22890625 0.5087890625 0.0328125 0.068359375
0 0.56640625 0.5048828125 0.0328125 0.064453125
0 0.7234375 0.5234375 0.03125 0.109375
0 0.76640625 0.5224609375 0.0296875 0.119140625
0 0.79453125 0.5380859375 0.0296875 0.099609375
0 0.83359375 0.5517578125 0.0296875 0.119140625
0 0.87421875 0.5458984375 0.0453125 0.130859375
0 0.9125 0.5419921875 0.03125 0.146484375
0 0.934375 0.5302734375 0.03125 0.119140625
0 0.96796875 0.5537109375 0.0421875 0.130859375
2 0.49140625 0.5634765625 0.1484375 0.154296875
2 0.44765625 0.4873046875 0.0296875 0.037109375
