2 0.0828125 0.5849609375 0.1625 0.248046875
2 0.184375 0.529296875 0.13125 0.13671875
2 0.26484375 0.494140625 0.1046875 0.11328125
2 0.33203125 0.494140625 0.0484375 0.08203125
2 0.41015625 0.4541015625 0.0453125 0.044921875
2 0.5703125 0.45703125 0.04375 0.05078125
2 0.92265625 0.4599609375 0.1109375 0.056640625
2 0.68046875 0.548828125 0.1328125 0.12890625
2 0.81328125 0.58203125 0.2484375 0.22265625
2 0.88828125 0.759765625 0.2109375 0.38671875
2 0.4390625 0.4482421875 0.03125 0.033203125
2 0.4515625 0.4404296875 0.028125 0.041015625
2 0.48125 0.4375 0.021875 0.03125
2 0.68828125 0.439453125 0.0359375 0.05078125
2 0.76015625 0.4423828125 0.1078125 0.076171875
