0 0.7921875 0.5146484375 0.0375 0.123046875
0 0.7625 0.5126953125 0.0125 0.091796875
2 0.87890625 0.548828125 0.1171875 0.10546875
2 0.5015625 0.5234375 0.05625 0.1015625
2 0.5375 0.5244140625 0.053125 0.072265625
2 0.590625 0.515625 0.05 0.0546875
2 0.41015625 0.5234375 0.1546875 0.125
2 0.63828125 0.51171875 0.0296875 0.03125
2 0.65859375 0.5068359375 0.0265625 0.033203125
0 0.63359375 0.48828125 0.0140625 0.015625
2 0.6171875 0.5107421875 0.025 0.044921875
2 0.68203125 0.4990234375 0.0203125 0.025390625
0 0.75234375 0.5166015625 0.0203125 0.087890625
