0 0.6015625 0.5361328125 0.0375 0.115234375
1 0.6015625 0.6357421875 0.0375 0.080078125
2 0.49453125 0.5361328125 0.0328125 0.037109375
2 0.4796875 0.5283203125 0.0125 0.021484375
2 0.47421875 0.51953125 0.0109375 0.01953125
2 0.43359375 0.513671875 0.0109375 0.015625
2 0.42109375 0.521484375 0.0140625 0.015625
2 0.4 0.529296875 0.0125 0.01953125
2 0.3875 0.53125 0.0125 0.01953125
2 0.375 0.53515625 0.015625 0.01953125
2 0.3515625 0.5361328125 0.03125 0.029296875
2 0.33046875 0.5380859375 0.0203125 0.041015625
2 0.3125 0.537109375 0.021875 0.0390625
2 0.271875 0.5322265625 0.06875 0.072265625
2 0.065625 0.5888671875 0.134375 0.193359375
