2 0.0546875 0.55859375 0.1125 0.19921875
2 0.25 0.521484375 0.159375 0.125
2 0.35390625 0.5048828125 0.0765625 0.091796875
2 0.50625 0.4853515625 0.0375 0.044921875
2 0.721875 0.4970703125 0.09375 0.091796875
2 0.80859375 0.541015625 0.1828125 0.171875
2 0.89609375 0.603515625 0.1953125 0.2265625
2 0.9484375 0.71484375 0.09375 0.26953125
0 0.56640625 0.4755859375 0.0203125 0.044921875
0 0.5921875 0.474609375 0.01875 0.046875
0 0.609375 0.4765625 0.01875 0.046875
0 0.62578125 0.4775390625 0.0203125 0.041015625
2 0.44453125 0.4873046875 0.0734375 0.064453125
2 0.4765625 0.4814453125 0.03125 0.060546875
2 0.175 0.4814453125 0.10625 0.068359375
2 0.5296875 0.48046875 0.021875 0.03515625
0 0.5515625 0.474609375 0.0125 0.03515625
2 0.6734375 0.48828125 0.034375 0.07421875
2 0.64765625 0.4853515625 0.0203125 0.044921875
