0 0.18671875 0.474609375 0.0296875 0.09375
0 0.1640625 0.482421875 0.034375 0.10546875
0 0.13515625 0.4697265625 0.0234375 0.072265625
0 0.1140625 0.4697265625 0.028125 0.052734375
0 0.55546875 0.484375 0.0265625 0.09375
0 0.52578125 0.4755859375 0.0234375 0.076171875
0 0.50703125 0.4755859375 0.0203125 0.072265625
0 0.60390625 0.466796875 0.0234375 0.04296875
0 0.73515625 0.4892578125 0.0234375 0.091796875
2 0.07421875 0.541015625 0.1515625 0.1640625
2 0.309375 0.521484375 0.2625 0.17578125
2 0.4640625 0.4951171875 0.078125 0.076171875
2 0.64609375 0.4912109375 0.1015625 0.068359375
2 0.96875 0.486328125 0.04375 0.03515625
0 0.0546875 0.4482421875 0.03125 0.037109375
0 0.02734375 0.4423828125 0.0265625 0.033203125
