2 0.15390625 0.51953125 0.1703125 0.12890625
2 0.25546875 0.5048828125 0.0828125 0.091796875
2 0.33828125 0.4775390625 0.0796875 0.072265625
2 0.384375 0.482421875 0.040625 0.0546875
2 0.59921875 0.478515625 0.0578125 0.046875
2 0.7125 0.46875 0.0625 0.0703125
2 0.42578125 0.4619140625 0.0359375 0.041015625
0 0.55703125 0.4599609375 0.0171875 0.044921875
2 0.953125 0.48046875 0.084375 0.0859375
0 0.54296875 0.4599609375 0.0109375 0.041015625
2 0.5296875 0.455078125 0.01875 0.0234375
2 0.4125 0.4765625 0.025 0.046875
2 0.4265625 0.4697265625 0.025 0.044921875
2 0.45703125 0.4619140625 0.0296875 0.037109375
2 0.4765625 0.4580078125 0.021875 0.033203125
2 0.303125 0.4873046875 0.071875 0.083984375
