0 0.78046875 0.505859375 0.0453125 0.1171875
0 0.75 0.5517578125 0.05 0.169921875
0 0.4234375 0.45703125 0.01875 0.04296875
2 0.95625 0.697265625 0.08125 0.234375
2 0.88203125 0.603515625 0.2234375 0.19921875
2 0.71171875 0.5146484375 0.0765625 0.138671875
2 0.6359375 0.4931640625 0.040625 0.060546875
2 0.6078125 0.478515625 0.05 0.05078125
2 0.55390625 0.466796875 0.0296875 0.03125
2 0.32734375 0.458984375 0.0734375 0.046875
2 0.25625 0.4453125 0.065625 0.06640625
2 0.16171875 0.453125 0.0984375 0.078125
2 0.24375 0.458984375 0.04375 0.0546875
2 0.1890625 0.453125 0.084375 0.06640625
2 0.39921875 0.45703125 0.0359375 0.03515625
2 0.49921875 0.45703125 0.0234375 0.0234375
2 0.67578125 0.5078125 0.0453125 0.09375
