0 0.75546875 0.494140625 0.0703125 0.1328125
0 0.6453125 0.509765625 0.03125 0.140625
2 0.6796875 0.4970703125 0.04375 0.044921875
0 0.6140625 0.5283203125 0.01875 0.103515625
0 0.584375 0.505859375 0.025 0.10546875
0 0.559375 0.5048828125 0.025 0.099609375
2 0.51484375 0.5146484375 0.0640625 0.056640625
2 0.5390625 0.4833984375 0.021875 0.029296875
2 0.471875 0.4921875 0.028125 0.03125
2 0.44921875 0.4921875 0.0234375 0.0390625
2 0.3984375 0.5048828125 0.075 0.083984375
2 0.35390625 0.484375 0.0265625 0.02734375
2 0.3203125 0.5 0.05625 0.0703125
2 0.23359375 0.4970703125 0.1171875 0.115234375
2 0.109375 0.4833984375 0.040625 0.041015625
2 0.05234375 0.4794921875 0.0484375 0.048828125
2 0.00625 0.4873046875 0.015625 0.041015625
