0 0.14609375 0.48828125 0.0203125 0.05859375
0 0.125 0.484375 0.021875 0.07421875
0 0.66015625 0.4560546875 0.0328125 0.099609375
0 0.63046875 0.4716796875 0.0328125 0.091796875
2 0.93046875 0.4111328125 0.1328125 0.060546875
2 0.8 0.541015625 0.390625 0.21875
0 0.55 0.45703125 0.01875 0.05078125
2 0.728125 0.4453125 0.034375 0.0390625
2 0.79921875 0.41796875 0.0515625 0.0390625
2 0.88515625 0.4111328125 0.0734375 0.041015625
2 0.4546875 0.458984375 0.03125 0.02734375
0 0.375 0.4609375 0.009375 0.03125
0 0.36953125 0.458984375 0.0109375 0.03125
0 0.60078125 0.458984375 0.0234375 0.06640625
0 0.57734375 0.4609375 0.0234375 0.0703125
