0 0.2796875 0.470703125 0.03125 0.1015625
1 0.2359375 0.46875 0.059375 0.05859375
2 0.32265625 0.4833984375 0.0609375 0.076171875
2 0.42890625 0.47265625 0.2015625 0.12109375
2 0.5375 0.4931640625 0.1375 0.111328125
2 0.609375 0.4912109375 0.20625 0.134765625
2 0.7046875 0.49609375 0.19375 0.13671875
2 0.84296875 0.5048828125 0.2359375 0.154296875
2 0.97265625 0.4951171875 0.0484375 0.201171875
0 0.76640625 0.412109375 0.0296875 0.03125
0 0.81328125 0.4140625 0.0265625 0.03125
0 0.8671875 0.412109375 0.025 0.03125
0 0.8875 0.4091796875 0.025 0.033203125
0 0.9078125 0.41015625 0.021875 0.03515625
0 0.3578125 0.4375 0.01875 0.015625
0 0.340625 0.44140625 0.0125 0.01171875
