2 0.4921875 0.5185546875 0.134375 0.123046875
2 0.9234375 0.4482421875 0.14375 0.146484375
2 0.95 0.4873046875 0.090625 0.123046875
0 0.8203125 0.4755859375 0.053125 0.166015625
0 0.7421875 0.48046875 0.03125 0.16015625
0 0.77421875 0.482421875 0.0421875 0.17578125
0 0.61640625 0.462890625 0.0203125 0.06640625
0 0.02265625 0.513671875 0.0328125 0.08203125
2 0.64140625 0.4453125 0.0265625 0.02734375
0 0.12421875 0.4853515625 0.0265625 0.033203125
0 0.109375 0.4931640625 0.03125 0.052734375
2 0.39140625 0.46875 0.0546875 0.03515625
0 0.6015625 0.4521484375 0.01875 0.052734375
0 0.5828125 0.453125 0.01875 0.046875
