2 0.94296875 0.517578125 0.1078125 0.16796875
2 0.8765625 0.478515625 0.240625 0.1796875
2 0.8046875 0.4716796875 0.1375 0.138671875
2 0.71953125 0.482421875 0.0265625 0.046875
2 0.59140625 0.4892578125 0.2296875 0.302734375
2 0.42265625 0.46875 0.1109375 0.15625
2 0.37421875 0.490234375 0.0328125 0.1171875
2 0.309375 0.470703125 0.103125 0.171875
0 0.2265625 0.505859375 0.134375 0.3984375
2 0.11796875 0.4736328125 0.1140625 0.228515625
2 0.05390625 0.39453125 0.1078125 0.09375
2 0.05390625 0.5556640625 0.1078125 0.228515625
1 0.1953125 0.6513671875 0.0875 0.240234375
2 0.2859375 0.494140625 0.09375 0.1640625
