1 0.7390625 0.6474609375 0.078125 0.205078125
1 0.54453125 0.544921875 0.0359375 0.1171875
1 0.453125 0.552734375 0.01875 0.11328125
1 0.3859375 0.5986328125 0.01875 0.162109375
2 0.2703125 0.482421875 0.05625 0.05859375
2 0.33203125 0.474609375 0.0328125 0.03515625
1 0.10625 0.509765625 0.034375 0.0703125
1 0.01953125 0.5205078125 0.0421875 0.083984375
1 0.63046875 0.5009765625 0.0390625 0.087890625
1 0.9875 0.6123046875 0.01875 0.150390625
1 0.5921875 0.50390625 0.021875 0.0546875
0 0.72890625 0.494140625 0.0859375 0.3046875
0 0.54765625 0.482421875 0.0546875 0.203125
0 0.45390625 0.494140625 0.0484375 0.18359375
0 0.38359375 0.505859375 0.0640625 0.2421875
