0 0.771875 0.54296875 0.115625 0.31640625
2 0.6984375 0.5009765625 0.071875 0.083984375
2 0.65 0.490234375 0.053125 0.06640625
2 0.53515625 0.4638671875 0.0234375 0.025390625
2 0.51640625 0.458984375 0.0203125 0.02734375
2 0.4734375 0.453125 0.021875 0.0234375
2 0.4203125 0.4580078125 0.01875 0.029296875
2 0.38984375 0.4609375 0.0484375 0.0625
0 0.29921875 0.4677734375 0.0203125 0.076171875
0 0.28125 0.4697265625 0.01875 0.083984375
2 0.1265625 0.4716796875 0.25625 0.119140625
0 0.009375 0.4306640625 0.01875 0.033203125
