0 0.96953125 0.6201171875 0.0546875 0.244140625
2 0.140625 0.4921875 0.09375 0.0625
2 0.1109375 0.57421875 0.19375 0.15234375
2 0.26328125 0.5185546875 0.1109375 0.087890625
2 0.35625 0.4814453125 0.06875 0.068359375
2 0.59375 0.5263671875 0.040625 0.099609375
2 0.64140625 0.5498046875 0.1171875 0.134765625
2 0.69296875 0.5849609375 0.1609375 0.169921875
0 0.43828125 0.47265625 0.0140625 0.03515625
2 0.3921875 0.484375 0.025 0.0390625
2 0.4078125 0.46875 0.028125 0.05078125
2 0.04609375 0.513671875 0.0921875 0.0859375
2 0.57890625 0.5068359375 0.0484375 0.068359375
2 0.55703125 0.4931640625 0.0359375 0.041015625
2 0.30390625 0.50390625 0.0765625 0.078125
