0 0.7875 0.5048828125 0.05 0.150390625
2 0.7359375 0.4892578125 0.0875 0.095703125
2 0.86875 0.490234375 0.1375 0.09375
2 0.653125 0.4677734375 0.03125 0.060546875
2 0.5890625 0.490234375 0.0875 0.09765625
2 0.52421875 0.4580078125 0.0328125 0.041015625
2 0.4890625 0.4658203125 0.065625 0.056640625
2 0.434375 0.455078125 0.046875 0.05078125
2 0.34609375 0.4609375 0.0484375 0.06640625
2 0.33359375 0.4755859375 0.0328125 0.056640625
2 0.30625 0.4716796875 0.03125 0.068359375
2 0.24765625 0.4794921875 0.1015625 0.099609375
2 0.37421875 0.4599609375 0.0328125 0.041015625
