0 0.1125 0.478515625 0.021875 0.08203125
0 0.14296875 0.4736328125 0.0265625 0.091796875
0 0.771875 0.490234375 0.028125 0.12109375
0 0.74609375 0.4638671875 0.0203125 0.087890625
0 0.7046875 0.47265625 0.028125 0.0859375
0 0.728125 0.5263671875 0.053125 0.228515625
2 0.378125 0.4677734375 0.04375 0.033203125
2 0.453125 0.4658203125 0.034375 0.041015625
2 0.49609375 0.4619140625 0.0515625 0.033203125
0 0.29140625 0.447265625 0.0171875 0.0234375
0 0.26953125 0.4404296875 0.0171875 0.029296875
0 0.25703125 0.4619140625 0.0203125 0.056640625
0 0.240625 0.4599609375 0.01875 0.060546875
2 0.04921875 0.46484375 0.0859375 0.05078125
0 0.66171875 0.4658203125 0.0203125 0.048828125
0 0.6484375 0.4658203125 0.0125 0.048828125
0 0.63984375 0.4638671875 0.0140625 0.048828125
1 0.728125 0.6005859375 0.046875 0.134765625
