1 0.66015625 0.552734375 0.0234375 0.0546875
0 0.65546875 0.5322265625 0.0328125 0.083984375
0 0.78359375 0.5205078125 0.0328125 0.095703125
0 0.8578125 0.51953125 0.03125 0.08984375
0 0.29765625 0.4931640625 0.0203125 0.041015625
0 0.19296875 0.486328125 0.0265625 0.0390625
2 0.3796875 0.5078125 0.04375 0.046875
2 0.41875 0.517578125 0.059375 0.0703125
2 0.52109375 0.513671875 0.0515625 0.05859375
2 0.4796875 0.572265625 0.146875 0.1640625
2 0.21328125 0.57421875 0.2234375 0.16796875
0 0.815625 0.5166015625 0.028125 0.060546875
