2 0.89375 0.654296875 0.20625 0.48046875
2 0.7703125 0.5322265625 0.29375 0.310546875
2 0.61328125 0.501953125 0.1390625 0.1640625
2 0.5515625 0.4892578125 0.08125 0.134765625
2 0.3984375 0.4521484375 0.046875 0.041015625
2 0.36171875 0.4208984375 0.0203125 0.025390625
2 0.35234375 0.4267578125 0.0171875 0.021484375
2 0.346875 0.431640625 0.015625 0.01953125
2 0.33671875 0.44921875 0.0296875 0.03515625
0 0.1828125 0.45703125 0.01875 0.04296875
2 0.24140625 0.501953125 0.1328125 0.13671875
2 0.04609375 0.5322265625 0.0953125 0.185546875
