0 0.69296875 0.458984375 0.0734375 0.15625
1 0.70703125 0.5869140625 0.0234375 0.099609375
2 0.53515625 0.4765625 0.0359375 0.0390625
2 0.5203125 0.470703125 0.015625 0.02734375
2 0.5109375 0.46484375 0.015625 0.0234375
2 0.503125 0.453125 0.0125 0.01953125
2 0.4609375 0.4599609375 0.0125 0.017578125
2 0.44921875 0.46484375 0.0140625 0.01953125
2 0.4296875 0.4716796875 0.0125 0.025390625
2 0.415625 0.474609375 0.021875 0.03125
2 0.4 0.4755859375 0.01875 0.033203125
2 0.371875 0.4814453125 0.0375 0.037109375
2 0.34296875 0.486328125 0.0234375 0.046875
2 0.31875 0.4892578125 0.03125 0.052734375
2 0.259375 0.486328125 0.090625 0.09765625
