2 0.375 0.4853515625 0.071875 0.068359375
2 0.80703125 0.4619140625 0.0671875 0.072265625
2 0.921875 0.4501953125 0.15 0.146484375
2 0.94921875 0.48828125 0.0921875 0.125
0 0.715625 0.4697265625 0.040625 0.115234375
0 0.6765625 0.4716796875 0.0375 0.115234375
0 0.06875 0.4697265625 0.025 0.029296875
0 0.1234375 0.4873046875 0.021875 0.037109375
2 0.41015625 0.4580078125 0.0265625 0.029296875
2 0.45390625 0.45703125 0.0453125 0.03125
0 0.60078125 0.4580078125 0.0234375 0.064453125
0 0.62734375 0.4462890625 0.0203125 0.060546875
2 0.64453125 0.4453125 0.0234375 0.03125
