2 0.80390625 0.56640625 0.2921875 0.26953125
2 0.6703125 0.5009765625 0.1875 0.201171875
2 0.5765625 0.4921875 0.1 0.1171875
2 0.53203125 0.4794921875 0.0609375 0.103515625
2 0.39921875 0.4501953125 0.0453125 0.041015625
2 0.3703125 0.416015625 0.0125 0.015625
2 0.35625 0.4169921875 0.015625 0.021484375
2 0.3484375 0.421875 0.01875 0.01953125
2 0.3328125 0.4228515625 0.015625 0.021484375
2 0.34140625 0.4462890625 0.0234375 0.029296875
2 0.2859375 0.48828125 0.090625 0.10546875
0 0.2046875 0.4599609375 0.021875 0.056640625
2 0.084375 0.517578125 0.171875 0.1640625
