1 0.86875 0.6142578125 0.1125 0.212890625
1 0.57578125 0.52734375 0.0390625 0.125
1 0.41953125 0.5419921875 0.0296875 0.130859375
1 0.475 0.470703125 0.0125 0.0390625
0 0.628125 0.443359375 0.021875 0.08984375
0 0.8625 0.478515625 0.115625 0.3203125
0 0.5796875 0.4501953125 0.053125 0.205078125
0 0.478125 0.4296875 0.01875 0.04296875
0 0.425 0.4775390625 0.053125 0.236328125
2 0.3921875 0.44921875 0.021875 0.03125
2 0.36640625 0.4501953125 0.0234375 0.029296875
1 0.1953125 0.4736328125 0.03125 0.052734375
1 0.1828125 0.4599609375 0.025 0.041015625
1 0.23515625 0.4716796875 0.0234375 0.041015625
