2 0.9625 0.427734375 0.04375 0.05078125
2 0.8109375 0.44140625 0.0375 0.04296875
2 0.690625 0.455078125 0.040625 0.046875
0 0.71953125 0.46484375 0.0234375 0.05078125
2 0.45859375 0.4697265625 0.0546875 0.056640625
2 0.42890625 0.455078125 0.0203125 0.03125
2 0.2296875 0.4833984375 0.065625 0.056640625
2 0.13125 0.494140625 0.059375 0.05078125
2 0.52890625 0.46875 0.0328125 0.03515625
2 0.3921875 0.4560546875 0.01875 0.025390625
2 0.371875 0.4619140625 0.021875 0.029296875
2 0.340625 0.4677734375 0.028125 0.033203125
2 0.309375 0.46875 0.03125 0.03515625
2 0.26796875 0.470703125 0.0203125 0.04296875
