1 0.225 0.6171875 0.16875 0.1328125
2 0.61015625 0.4892578125 0.0796875 0.072265625
2 0.1984375 0.49609375 0.09375 0.08203125
2 0.5703125 0.482421875 0.025 0.0546875
2 0.55546875 0.4794921875 0.0328125 0.048828125
2 0.3171875 0.47265625 0.040625 0.0625
2 0.33984375 0.4736328125 0.0203125 0.052734375
2 0.44296875 0.470703125 0.0328125 0.03125
0 0.259375 0.462890625 0.08125 0.17578125
2 0.54140625 0.4716796875 0.0296875 0.052734375
2 0.5171875 0.47265625 0.025 0.03515625
2 0.50625 0.4697265625 0.01875 0.033203125
2 0.48125 0.4658203125 0.034375 0.029296875
0 0.42109375 0.4609375 0.0078125 0.01953125
2 0.3546875 0.4755859375 0.01875 0.044921875
2 0.375 0.47265625 0.021875 0.0390625
2 0.390625 0.470703125 0.015625 0.02734375
2 0.4015625 0.470703125 0.0125 0.0234375
