1 0.03203125 0.501953125 0.0671875 0.046875
2 0.94140625 0.5869140625 0.1109375 0.259765625
2 0.86640625 0.529296875 0.2609375 0.25
2 0.7125 0.5087890625 0.15 0.142578125
2 0.5203125 0.4619140625 0.05625 0.060546875
2 0.48984375 0.4619140625 0.0234375 0.044921875
2 0.2828125 0.470703125 0.059375 0.046875
2 0.38125 0.4619140625 0.021875 0.021484375
2 0.4734375 0.4599609375 0.021875 0.033203125
2 0.45703125 0.4580078125 0.0171875 0.025390625
2 0.4453125 0.462890625 0.015625 0.01953125
2 0.39921875 0.4619140625 0.0171875 0.021484375
2 0.3546875 0.466796875 0.028125 0.03125
2 0.32734375 0.4658203125 0.0234375 0.044921875
2 0.234375 0.4638671875 0.021875 0.033203125
0 0.02578125 0.4599609375 0.0359375 0.052734375
