2 0.8578125 0.51953125 0.278125 0.2109375
0 0.64765625 0.462890625 0.0453125 0.1015625
0 0.61640625 0.47265625 0.0359375 0.09375
0 0.125 0.4873046875 0.028125 0.064453125
2 0.80703125 0.4521484375 0.0578125 0.060546875
0 0.103125 0.470703125 0.025 0.02734375
2 0.45625 0.458984375 0.040625 0.02734375
0 0.59140625 0.4609375 0.0171875 0.06640625
0 0.5734375 0.4619140625 0.01875 0.068359375
0 0.55078125 0.45703125 0.0203125 0.04296875
2 0.72578125 0.447265625 0.0359375 0.03125
2 0.88515625 0.4072265625 0.0734375 0.037109375
2 0.92109375 0.4072265625 0.1359375 0.060546875
