0 0.0703125 0.4775390625 0.0375 0.146484375
0 0.33359375 0.466796875 0.0234375 0.05859375
2 0.73203125 0.541015625 0.1265625 0.14453125
2 0.8546875 0.6044921875 0.284375 0.251953125
2 0.684375 0.5068359375 0.109375 0.123046875
2 0.61953125 0.474609375 0.0578125 0.05859375
0 0.40859375 0.45703125 0.0140625 0.04296875
0 0.41875 0.458984375 0.0125 0.04296875
0 0.428125 0.4599609375 0.0125 0.048828125
0 0.3859375 0.455078125 0.015625 0.0390625
0 0.37265625 0.4619140625 0.0203125 0.052734375
0 0.30859375 0.455078125 0.0265625 0.05859375
0 0.57734375 0.4599609375 0.0171875 0.029296875
1 0.01015625 0.55859375 0.0234375 0.08203125
