2 0.95078125 0.7001953125 0.0921875 0.232421875
2 0.85078125 0.5986328125 0.2921875 0.216796875
2 0.65859375 0.5498046875 0.1953125 0.123046875
0 0.7578125 0.4833984375 0.040625 0.076171875
2 0.53984375 0.5107421875 0.1515625 0.103515625
2 0.4578125 0.49609375 0.109375 0.0859375
0 0.3609375 0.462890625 0.028125 0.06640625
0 0.0625 0.4462890625 0.025 0.052734375
2 0.31796875 0.4609375 0.0734375 0.05859375
2 0.74609375 0.4365234375 0.0421875 0.029296875
0 0.1015625 0.4482421875 0.01875 0.052734375
0 0.11796875 0.439453125 0.0203125 0.05859375
0 0.159375 0.4375 0.01875 0.0546875
0 0.15 0.44140625 0.01875 0.05078125
