0 0.7671875 0.48046875 0.040625 0.08203125
0 0.73515625 0.482421875 0.0328125 0.0859375
0 0.5296875 0.462890625 0.025 0.0625
0 0.5671875 0.46875 0.028125 0.0703125
2 0.90625 0.607421875 0.18125 0.1796875
2 0.39765625 0.462890625 0.0515625 0.0546875
2 0.07421875 0.681640625 0.1484375 0.296875
2 0.6671875 0.4501953125 0.046875 0.041015625
2 0.96015625 0.4912109375 0.0734375 0.080078125
2 0.90234375 0.509765625 0.0234375 0.05078125
2 0.8875 0.470703125 0.065625 0.0390625
0 0.29140625 0.462890625 0.0265625 0.0546875
0 0.328125 0.4482421875 0.01875 0.056640625
