2 0.1234375 0.466796875 0.1125 0.08203125
2 0.08515625 0.576171875 0.1734375 0.1875
2 0.246875 0.50390625 0.134375 0.1015625
2 0.31171875 0.4755859375 0.1015625 0.087890625
2 0.3703125 0.4501953125 0.0625 0.076171875
2 0.60703125 0.482421875 0.0359375 0.078125
2 0.62421875 0.501953125 0.0421875 0.08984375
2 0.69609375 0.5205078125 0.1484375 0.158203125
2 0.7640625 0.5908203125 0.215625 0.201171875
2 0.40546875 0.4541015625 0.0234375 0.041015625
0 0.45390625 0.44140625 0.0203125 0.0390625
2 0.42265625 0.4462890625 0.0203125 0.033203125
2 0.4296875 0.4384765625 0.028125 0.052734375
2 0.02734375 0.462890625 0.0578125 0.0625
2 0.58671875 0.455078125 0.0484375 0.04296875
