1 0.76328125 0.7578125 0.0671875 0.18359375
0 0.75859375 0.6279296875 0.0921875 0.263671875
2 0.09609375 0.576171875 0.1953125 0.16796875
2 0.09296875 0.48828125 0.0984375 0.0703125
2 0.19921875 0.53125 0.1046875 0.11328125
2 0.6515625 0.5224609375 0.11875 0.107421875
2 0.596875 0.4814453125 0.078125 0.083984375
2 0.303125 0.4912109375 0.075 0.064453125
2 0.35390625 0.462890625 0.0484375 0.046875
2 0.38828125 0.458984375 0.0359375 0.0390625
2 0.47578125 0.4384765625 0.0359375 0.033203125
2 0.721875 0.4638671875 0.053125 0.060546875
2 0.5546875 0.455078125 0.04375 0.04296875
2 0.53828125 0.4443359375 0.0296875 0.037109375
2 0.2953125 0.4384765625 0.046875 0.029296875
