0 0.978125 0.4677734375 0.034375 0.076171875
0 0.91953125 0.4638671875 0.0359375 0.076171875
0 0.88515625 0.4697265625 0.0359375 0.068359375
0 0.4203125 0.4580078125 0.01875 0.044921875
0 0.403125 0.45703125 0.01875 0.05078125
0 0.51640625 0.462890625 0.0234375 0.04296875
0 0.1125 0.4638671875 0.040625 0.126953125
0 0.06875 0.4658203125 0.040625 0.119140625
0 0.475 0.458984375 0.01875 0.0390625
0 0.38984375 0.453125 0.0203125 0.04296875
0 0.63046875 0.4609375 0.0203125 0.05859375
0 0.7359375 0.4716796875 0.01875 0.041015625
1 0.75078125 0.5498046875 0.0421875 0.134765625
1 0.796875 0.5634765625 0.03125 0.099609375
1 0.871875 0.62890625 0.0375 0.10546875
0 0.71484375 0.4658203125 0.0203125 0.041015625
0 0.60546875 0.4609375 0.0203125 0.05859375
2 0.5328125 0.4560546875 0.025 0.029296875
