2 0.503125 0.453125 0.028125 0.02734375
0 0.73203125 0.4716796875 0.0296875 0.060546875
2 0.79375 0.568359375 0.184375 0.1875
2 0.90390625 0.6357421875 0.1859375 0.294921875
2 0.5875 0.4765625 0.046875 0.05078125
2 0.5515625 0.458984375 0.025 0.02734375
2 0.68203125 0.505859375 0.1078125 0.09765625
2 0.071875 0.5361328125 0.146875 0.244140625
2 0.190625 0.5244140625 0.115625 0.138671875
2 0.2484375 0.490234375 0.109375 0.1328125
2 0.3515625 0.470703125 0.1125 0.0625
2 0.415625 0.462890625 0.040625 0.046875
2 0.4375 0.4638671875 0.021875 0.033203125
2 0.44296875 0.4580078125 0.0296875 0.037109375
0 0.475 0.4541015625 0.0125 0.037109375
2 0.9296875 0.4794921875 0.11875 0.037109375
