2 0.01328125 0.5615234375 0.0265625 0.212890625
2 0.09296875 0.5390625 0.1734375 0.171875
2 0.19140625 0.498046875 0.1359375 0.1640625
2 0.3734375 0.474609375 0.11875 0.0625
2 0.5828125 0.4736328125 0.05625 0.060546875
2 0.884375 0.4716796875 0.090625 0.037109375
2 0.95625 0.48046875 0.08125 0.078125
2 0.86171875 0.6064453125 0.2671875 0.232421875
2 0.9546875 0.720703125 0.084375 0.2265625
0 0.73515625 0.462890625 0.0265625 0.0390625
2 0.4953125 0.44921875 0.025 0.03125
2 0.7 0.5185546875 0.134375 0.123046875
2 0.43046875 0.4560546875 0.0328125 0.041015625
0 0.46328125 0.4521484375 0.0171875 0.037109375
