0 0.440625 0.4609375 0.01875 0.05859375
0 0.55390625 0.4609375 0.0265625 0.078125
0 0.5734375 0.4677734375 0.03125 0.087890625
2 0.07734375 0.5517578125 0.1546875 0.197265625
2 0.275 0.484375 0.128125 0.109375
2 0.3421875 0.486328125 0.040625 0.0703125
2 0.39296875 0.4716796875 0.0453125 0.052734375
2 0.7671875 0.560546875 0.215625 0.20703125
2 0.88828125 0.50390625 0.0859375 0.11328125
2 0.790625 0.455078125 0.121875 0.0625
2 0.50703125 0.455078125 0.0515625 0.046875
2 0.6015625 0.46484375 0.04375 0.06640625
2 0.6484375 0.482421875 0.09375 0.09375
2 0.40703125 0.45703125 0.0484375 0.06640625
2 0.3625 0.466796875 0.040625 0.0703125
