0 0.17265625 0.5703125 0.0609375 0.21875
1 0.66328125 0.5361328125 0.0984375 0.072265625
2 0.06484375 0.609375 0.1328125 0.26171875
2 0.2359375 0.5322265625 0.1 0.111328125
2 0.28671875 0.515625 0.0578125 0.08203125
2 0.33203125 0.501953125 0.0546875 0.05078125
2 0.38203125 0.466796875 0.0484375 0.05078125
2 0.609375 0.494140625 0.06875 0.0546875
2 0.91015625 0.5087890625 0.1328125 0.087890625
2 0.5796875 0.4736328125 0.059375 0.052734375
2 0.68984375 0.458984375 0.0453125 0.03515625
2 0.7171875 0.4892578125 0.046875 0.064453125
2 0.41015625 0.4609375 0.0265625 0.03515625
