0 0.96953125 0.537109375 0.0515625 0.4140625
0 0.89609375 0.5751953125 0.1265625 0.482421875
0 0.7859375 0.509765625 0.0875 0.296875
0 0.65703125 0.462890625 0.0234375 0.08203125
0 0.63515625 0.4658203125 0.0265625 0.091796875
0 0.1625 0.4892578125 0.025 0.052734375
0 0.121875 0.484375 0.021875 0.03515625
0 0.37421875 0.462890625 0.0234375 0.04296875
0 0.59296875 0.4541015625 0.0203125 0.044921875
0 0.5453125 0.45703125 0.01875 0.046875
0 0.5546875 0.45703125 0.01875 0.05078125
0 0.6140625 0.455078125 0.015625 0.05078125
