0 0.4984375 0.4921875 0.040625 0.11328125
0 0.3921875 0.4873046875 0.028125 0.099609375
0 0.37421875 0.482421875 0.0265625 0.10546875
0 0.33125 0.4716796875 0.034375 0.095703125
0 0.29609375 0.47265625 0.0296875 0.08984375
0 0.2375 0.4638671875 0.025 0.072265625
0 0.2078125 0.45703125 0.025 0.0859375
0 0.17109375 0.501953125 0.0578125 0.15625
1 0.17109375 0.56640625 0.0515625 0.12109375
2 0.55546875 0.4736328125 0.0578125 0.060546875
2 0.43515625 0.466796875 0.0578125 0.05859375
2 0.75078125 0.4482421875 0.0671875 0.033203125
2 0.6171875 0.458984375 0.0625 0.03515625
