0 0.52734375 0.462890625 0.0203125 0.05859375
2 0.95 0.8427734375 0.090625 0.240234375
2 0.86953125 0.66796875 0.2546875 0.2578125
2 0.74453125 0.5458984375 0.2171875 0.197265625
2 0.64921875 0.517578125 0.0546875 0.09765625
2 0.61171875 0.4921875 0.0765625 0.10546875
2 0.35625 0.4775390625 0.0625 0.087890625
2 0.3203125 0.49609375 0.0625 0.0859375
2 0.28515625 0.5126953125 0.0671875 0.091796875
2 0.23671875 0.5302734375 0.0953125 0.115234375
2 0.1671875 0.5634765625 0.134375 0.146484375
0 0.08125 0.4990234375 0.0375 0.060546875
2 0.06875 0.603515625 0.134375 0.23828125
0 0.546875 0.4619140625 0.021875 0.060546875
2 0.40625 0.4560546875 0.03125 0.041015625
2 0.428125 0.4541015625 0.025 0.033203125
2 0.4390625 0.4501953125 0.01875 0.029296875
2 0.9234375 0.4951171875 0.0875 0.060546875
