2 0.4671875 0.4755859375 0.059375 0.056640625
2 0.68984375 0.4921875 0.0578125 0.05859375
2 0.675 0.4814453125 0.046875 0.052734375
2 0.35234375 0.435546875 0.0546875 0.03125
2 0.36015625 0.55859375 0.2046875 0.23828125
2 0.221875 0.677734375 0.353125 0.3125
0 0.92578125 0.521484375 0.0265625 0.0703125
0 0.90390625 0.5126953125 0.0265625 0.083984375
3 0.87890625 0.5400390625 0.0265625 0.033203125
2 0.64609375 0.4755859375 0.0265625 0.033203125
2 0.63359375 0.47265625 0.0265625 0.03125
2 0.178125 0.4814453125 0.178125 0.087890625
