0 0.4296875 0.474609375 0.028125 0.0703125
0 0.465625 0.45703125 0.01875 0.046875
0 0.57734375 0.4521484375 0.0203125 0.060546875
0 0.64453125 0.4619140625 0.0265625 0.091796875
0 0.625 0.4580078125 0.025 0.103515625
0 0.75390625 0.474609375 0.0484375 0.16796875
2 0.8078125 0.4609375 0.0625 0.08203125
2 0.8328125 0.4765625 0.025 0.0625
2 0.9234375 0.4462890625 0.140625 0.134765625
2 0.94765625 0.4873046875 0.0984375 0.115234375
0 0.546875 0.4560546875 0.01875 0.041015625
0 0.1671875 0.4765625 0.01875 0.04296875
0 0.1265625 0.486328125 0.01875 0.03515625
