2 0.9578125 0.6953125 0.075 0.19921875
2 0.95390625 0.517578125 0.0859375 0.15625
2 0.89765625 0.4931640625 0.1234375 0.123046875
2 0.70625 0.4697265625 0.05625 0.052734375
2 0.7453125 0.48046875 0.0625 0.06640625
0 0.809375 0.5380859375 0.084375 0.255859375
0 0.665625 0.4970703125 0.040625 0.130859375
2 0.2125 0.5185546875 0.171875 0.130859375
2 0.315625 0.501953125 0.084375 0.09765625
2 0.3609375 0.4892578125 0.040625 0.076171875
2 0.384375 0.4765625 0.05625 0.078125
2 0.46015625 0.455078125 0.0421875 0.046875
0 0.26484375 0.4375 0.0328125 0.03515625
0 0.634375 0.46484375 0.01875 0.04296875
0 0.621875 0.455078125 0.01875 0.04296875
2 0.59140625 0.4541015625 0.0296875 0.029296875
2 0.4828125 0.455078125 0.01875 0.03125
2 0.48984375 0.4443359375 0.0234375 0.037109375
2 0.30703125 0.4345703125 0.0796875 0.037109375
2 0.4125 0.470703125 0.040625 0.0703125
2 0.42890625 0.4677734375 0.0328125 0.060546875
