2 0.0625 0.494140625 0.128125 0.10546875
2 0.21640625 0.4755859375 0.0734375 0.068359375
2 0.26484375 0.47265625 0.0296875 0.05078125
2 0.284375 0.474609375 0.01875 0.046875
2 0.3140625 0.466796875 0.025 0.0390625
0 0.33671875 0.4677734375 0.0234375 0.052734375
0 0.4890625 0.453125 0.01875 0.046875
0 0.45859375 0.4541015625 0.0140625 0.037109375
1 0.75703125 0.5302734375 0.0734375 0.154296875
1 0.8265625 0.5205078125 0.078125 0.142578125
1 0.8921875 0.5302734375 0.08125 0.154296875
0 0.2984375 0.46484375 0.0125 0.046875
