0 0.75234375 0.443359375 0.0203125 0.05859375
0 0.8625 0.4921875 0.03125 0.08203125
0 0.86875 0.5078125 0.034375 0.06640625
0 0.90625 0.4814453125 0.025 0.060546875
0 0.9296875 0.4833984375 0.03125 0.060546875
0 0.23984375 0.478515625 0.0328125 0.078125
1 0.240625 0.51171875 0.025 0.05078125
1 0.7171875 0.5390625 0.13125 0.09375
2 0.6640625 0.49609375 0.11875 0.11328125
2 0.6015625 0.4814453125 0.04375 0.068359375
2 0.58671875 0.4677734375 0.0359375 0.052734375
2 0.546875 0.4365234375 0.040625 0.044921875
2 0.471875 0.4443359375 0.046875 0.041015625
2 0.38359375 0.4580078125 0.0609375 0.064453125
1 0.853125 0.576171875 0.05625 0.10546875
