2 0.05625 0.5595703125 0.1125 0.232421875
2 0.1171875 0.4794921875 0.15 0.134765625
2 0.225 0.48046875 0.084375 0.09375
0 0.63984375 0.4873046875 0.0328125 0.126953125
0 0.675 0.466796875 0.01875 0.0546875
2 0.45 0.458984375 0.028125 0.03125
2 0.48203125 0.4619140625 0.0359375 0.041015625
2 0.509375 0.45703125 0.01875 0.0234375
1 0.63359375 0.5234375 0.0171875 0.06640625
0 0.7859375 0.48828125 0.03125 0.05859375
0 0.3609375 0.45703125 0.015625 0.05078125
0 0.3484375 0.45703125 0.015625 0.04296875
0 0.37421875 0.4521484375 0.0171875 0.048828125
0 0.3859375 0.4580078125 0.015625 0.041015625
0 0.659375 0.466796875 0.0125 0.0625
2 0.2703125 0.45703125 0.040625 0.0390625
