2 0.871875 0.716796875 0.25 0.484375
2 0.71171875 0.541015625 0.1578125 0.16015625
2 0.3953125 0.478515625 0.090625 0.05078125
2 0.1921875 0.5546875 0.1375 0.125
2 0.09765625 0.6015625 0.1546875 0.16796875
2 0.02734375 0.61328125 0.0578125 0.21875
0 0.0734375 0.4990234375 0.04375 0.041015625
0 0.6 0.490234375 0.034375 0.05859375
0 0.13046875 0.455078125 0.0203125 0.04296875
2 0.4890625 0.46484375 0.034375 0.03515625
2 0.509375 0.4609375 0.021875 0.03125
2 0.52734375 0.458984375 0.0203125 0.03125
