1 0.7671875 0.6025390625 0.096875 0.205078125
1 0.5875 0.52734375 0.040625 0.11328125
1 0.51015625 0.5322265625 0.0234375 0.111328125
1 0.459375 0.4775390625 0.01875 0.037109375
1 0.06015625 0.65234375 0.1234375 0.19140625
2 0.40703125 0.4521484375 0.0203125 0.021484375
0 0.85 0.431640625 0.01875 0.03125
0 0.75 0.474609375 0.1 0.32421875
0 0.5875 0.4580078125 0.0625 0.177734375
0 0.5109375 0.478515625 0.05625 0.19140625
0 0.4578125 0.4423828125 0.028125 0.037109375
2 0.4375 0.4541015625 0.01875 0.025390625
0 0.05625 0.51171875 0.115625 0.2890625
