1 0.21640625 0.4658203125 0.0671875 0.064453125
0 0.275 0.4677734375 0.046875 0.123046875
2 0.30703125 0.4765625 0.0609375 0.08984375
2 0.428125 0.466796875 0.215625 0.13671875
2 0.55 0.482421875 0.15625 0.125
2 0.65546875 0.482421875 0.1984375 0.15625
2 0.7453125 0.4912109375 0.228125 0.158203125
2 0.89453125 0.501953125 0.2046875 0.19140625
0 0.85546875 0.3935546875 0.0453125 0.041015625
0 0.80625 0.3916015625 0.034375 0.041015625
0 0.9484375 0.3876953125 0.03125 0.041015625
0 0.9265625 0.3935546875 0.025 0.033203125
0 0.965625 0.392578125 0.01875 0.03125
0 0.771875 0.404296875 0.021875 0.02734375
0 0.346875 0.4287109375 0.015625 0.013671875
0 0.3296875 0.4296875 0.0125 0.01171875
