2 0.97578125 0.4482421875 0.0359375 0.107421875
2 0.95078125 0.4619140625 0.0265625 0.044921875
2 0.9234375 0.4619140625 0.03125 0.056640625
0 0.896875 0.466796875 0.03125 0.10546875
2 0.87421875 0.458984375 0.0234375 0.05078125
2 0.834375 0.46484375 0.053125 0.0546875
2 0.76796875 0.455078125 0.0703125 0.0625
0 0.725 0.4560546875 0.01875 0.044921875
0 0.66875 0.4453125 0.021875 0.0625
0 0.65234375 0.458984375 0.0203125 0.078125
0 0.63828125 0.4384765625 0.0203125 0.052734375
0 0.628125 0.4345703125 0.021875 0.041015625
0 0.61015625 0.431640625 0.0203125 0.04296875
0 0.5953125 0.431640625 0.01875 0.046875
0 0.575 0.4296875 0.01875 0.046875
0 0.5625 0.4384765625 0.01875 0.033203125
0 0.5484375 0.4306640625 0.01875 0.041015625
0 0.52578125 0.443359375 0.0203125 0.0390625
2 0.465625 0.447265625 0.03125 0.03125
0 0.325 0.4541015625 0.0125 0.025390625
0 0.3140625 0.44921875 0.0125 0.03125
0 0.3046875 0.451171875 0.0125 0.0390625
0 0.29296875 0.4482421875 0.0109375 0.041015625
0 0.28359375 0.44921875 0.0140625 0.04296875
2 0.2390625 0.486328125 0.0875 0.08203125
2 0.08828125 0.533203125 0.1796875 0.2109375
