2 0.946875 0.51953125 0.1 0.1640625
2 0.87734375 0.4775390625 0.2328125 0.189453125
2 0.80625 0.4736328125 0.146875 0.146484375
2 0.7234375 0.4853515625 0.025 0.044921875
2 0.59375 0.49609375 0.2375 0.296875
2 0.4484375 0.4677734375 0.06875 0.146484375
0 0.4109375 0.486328125 0.05625 0.18359375
1 0.40703125 0.541015625 0.0359375 0.1015625
2 0.18203125 0.478515625 0.2953125 0.234375
2 0.27109375 0.470703125 0.1921875 0.17578125
2 0.04140625 0.462890625 0.0859375 0.203125
1 0.021875 0.75390625 0.046875 0.27734375
