0 0.91171875 0.4931640625 0.0453125 0.091796875
0 0.88125 0.4697265625 0.021875 0.044921875
0 0.8640625 0.4677734375 0.021875 0.044921875
0 0.81796875 0.484375 0.0328125 0.0625
0 0.7578125 0.462890625 0.025 0.05078125
0 0.70703125 0.50390625 0.0578125 0.21484375
1 0.70703125 0.59375 0.0421875 0.11328125
2 0.64921875 0.4677734375 0.0671875 0.068359375
0 0.553125 0.4775390625 0.025 0.083984375
0 0.5265625 0.4853515625 0.028125 0.095703125
2 0.49609375 0.470703125 0.0296875 0.03125
0 0.471875 0.4716796875 0.01875 0.068359375
2 0.4015625 0.462890625 0.03125 0.03125
2 0.35 0.48828125 0.09375 0.08203125
2 0.29140625 0.4541015625 0.0296875 0.029296875
2 0.25390625 0.4609375 0.0296875 0.02734375
2 0.1109375 0.4814453125 0.084375 0.083984375
2 0.0234375 0.4833984375 0.046875 0.072265625
