2 0.940625 0.5234375 0.1125 0.171875
2 0.878125 0.4794921875 0.2375 0.185546875
2 0.8015625 0.4755859375 0.134375 0.146484375
2 0.72421875 0.4755859375 0.0234375 0.064453125
2 0.59296875 0.4990234375 0.2609375 0.341796875
2 0.44609375 0.4677734375 0.0703125 0.150390625
0 0.41640625 0.4931640625 0.0640625 0.205078125
3 0.3578125 0.5634765625 0.0625 0.080078125
2 0.27734375 0.4501953125 0.1671875 0.119140625
2 0.1984375 0.4794921875 0.275 0.228515625
2 0.05859375 0.390625 0.1203125 0.09375
2 0.059375 0.5498046875 0.121875 0.248046875
