2 0.3625 0.478515625 0.065625 0.0703125
2 0.59609375 0.466796875 0.0328125 0.046875
0 0.865625 0.5068359375 0.0375 0.123046875
0 0.83125 0.51171875 0.040625 0.11328125
0 0.6359375 0.484375 0.03125 0.06640625
0 0.57578125 0.4873046875 0.0203125 0.068359375
0 0.5515625 0.47265625 0.025 0.06640625
0 0.25625 0.4736328125 0.021875 0.068359375
2 0.97109375 0.48046875 0.0515625 0.06640625
2 0.4453125 0.44921875 0.028125 0.0234375
2 0.46953125 0.4482421875 0.0328125 0.029296875
0 0.30859375 0.4580078125 0.0203125 0.056640625
0 0.278125 0.462890625 0.01875 0.0546875
