1 0.3640625 0.712890625 0.034375 0.15625
0 0.678125 0.59375 0.08125 0.2734375
0 0.365625 0.6171875 0.0875 0.25
2 0.05078125 0.650390625 0.1046875 0.2421875
2 0.29375 0.509765625 0.0875 0.0859375
2 0.3734375 0.48046875 0.065625 0.0703125
2 0.47578125 0.4501953125 0.0359375 0.041015625
2 0.5859375 0.4755859375 0.04375 0.064453125
2 0.62265625 0.4892578125 0.0546875 0.099609375
2 0.7171875 0.5390625 0.05625 0.11328125
2 0.6375 0.5263671875 0.040625 0.099609375
2 0.8890625 0.7392578125 0.215625 0.353515625
2 0.2515625 0.48828125 0.1125 0.06640625
2 0.02109375 0.484375 0.0453125 0.08984375
2 0.4140625 0.462890625 0.034375 0.04296875
2 0.43046875 0.455078125 0.0265625 0.0390625
2 0.746875 0.4833984375 0.13125 0.072265625
2 0.89375 0.47265625 0.125 0.08984375
2 0.92890625 0.478515625 0.1359375 0.08203125
