2 0.8296875 0.52734375 0.046875 0.12890625
2 0.925 0.521484375 0.140625 0.1953125
0 0.70546875 0.4951171875 0.0328125 0.083984375
1 0.703125 0.541015625 0.021875 0.05078125
1 0.66796875 0.53515625 0.0234375 0.0390625
0 0.6671875 0.484375 0.034375 0.0859375
0 0.64375 0.484375 0.025 0.0625
1 0.6421875 0.51953125 0.01875 0.05078125
1 0.603125 0.515625 0.021875 0.046875
0 0.603125 0.48828125 0.021875 0.0625
0 0.584375 0.48828125 0.021875 0.046875
1 0.584375 0.509765625 0.01875 0.03515625
1 0.87578125 0.5791015625 0.0609375 0.099609375
0 0.878125 0.505859375 0.05 0.09375
2 0.0375 0.4580078125 0.06875 0.095703125
2 0.76171875 0.498046875 0.1015625 0.07421875
0 0.5671875 0.486328125 0.01875 0.046875
0 0.55078125 0.486328125 0.0203125 0.0546875
