1 0.70625 0.595703125 0.0625 0.12109375
1 0.5609375 0.5419921875 0.0375 0.080078125
1 0.3546875 0.490234375 0.01875 0.0390625
1 0.4 0.494140625 0.01875 0.03125
1 0.32265625 0.4755859375 0.0171875 0.025390625
1 0.10546875 0.4970703125 0.0296875 0.083984375
1 0.184375 0.48828125 0.01875 0.0390625
0 0.08125 0.470703125 0.021875 0.0703125
0 0.25078125 0.4658203125 0.0140625 0.041015625
0 0.1578125 0.45703125 0.0125 0.03515625
0 0.146875 0.4580078125 0.0125 0.037109375
0 0.9171875 0.4541015625 0.05 0.115234375
0 0.859375 0.466796875 0.04375 0.1171875
1 0.83203125 0.533203125 0.0671875 0.09375
2 0.92265625 0.564453125 0.1484375 0.21875
2 0.628125 0.5107421875 0.103125 0.115234375
2 0.52109375 0.4921875 0.0421875 0.08984375
2 0.48984375 0.482421875 0.0734375 0.078125
2 0.425 0.470703125 0.0375 0.046875
0 0.72734375 0.41796875 0.0203125 0.03125
0 0.70078125 0.4970703125 0.0734375 0.181640625
0 0.5546875 0.4775390625 0.046875 0.138671875
0 0.4 0.4521484375 0.021875 0.060546875
0 0.3546875 0.451171875 0.021875 0.046875
0 0.3234375 0.455078125 0.01875 0.03125
2 0.29765625 0.4580078125 0.0171875 0.021484375
2 0.2671875 0.458984375 0.01875 0.0234375
0 0.1859375 0.4521484375 0.01875 0.041015625
0 0.1078125 0.4384765625 0.028125 0.044921875
