2 0.053125 0.607421875 0.109375 0.20703125
2 0.1734375 0.48046875 0.071875 0.046875
2 0.209375 0.4599609375 0.103125 0.076171875
2 0.35625 0.501953125 0.078125 0.08984375
2 0.596875 0.4970703125 0.059375 0.072265625
2 0.6515625 0.5205078125 0.096875 0.087890625
2 0.71640625 0.5654296875 0.1453125 0.146484375
2 0.79609375 0.6396484375 0.2265625 0.224609375
2 0.89296875 0.7685546875 0.2046875 0.443359375
2 0.5015625 0.4443359375 0.025 0.025390625
2 0.5609375 0.4599609375 0.0375 0.037109375
2 0.4515625 0.453125 0.025 0.0234375
2 0.29765625 0.4677734375 0.0546875 0.044921875
2 0.03125 0.4990234375 0.0625 0.052734375
2 0.09921875 0.525390625 0.0328125 0.09765625
