0 0.5875 0.4541015625 0.05 0.107421875
1 0.58671875 0.55078125 0.0328125 0.0859375
2 0.4796875 0.48046875 0.03125 0.03515625
2 0.4671875 0.46875 0.0125 0.01953125
2 0.46171875 0.45703125 0.0109375 0.01953125
2 0.4234375 0.4609375 0.009375 0.01953125
2 0.4125 0.46484375 0.0125 0.01953125
2 0.39375 0.46875 0.015625 0.01953125
2 0.38125 0.46875 0.015625 0.01953125
2 0.36484375 0.46875 0.0203125 0.0234375
2 0.34375 0.4765625 0.025 0.03515625
2 0.3171875 0.4765625 0.03125 0.04296875
2 0.2734375 0.4658203125 0.059375 0.072265625
2 0.1390625 0.494140625 0.203125 0.1484375
