0 0.10390625 0.5849609375 0.0671875 0.166015625
2 0.02734375 0.6552734375 0.0578125 0.181640625
2 0.171875 0.572265625 0.121875 0.14453125
2 0.0765625 0.5888671875 0.090625 0.142578125
2 0.2296875 0.5244140625 0.11875 0.134765625
2 0.30625 0.5166015625 0.05625 0.091796875
2 0.3421875 0.494140625 0.0375 0.05078125
2 0.36953125 0.4765625 0.0484375 0.05859375
2 0.60390625 0.4814453125 0.0671875 0.072265625
2 0.6203125 0.51171875 0.046875 0.0859375
2 0.66953125 0.521484375 0.1234375 0.11328125
2 0.721875 0.5703125 0.159375 0.14453125
2 0.85703125 0.6572265625 0.2796875 0.263671875
2 0.54921875 0.4541015625 0.0359375 0.037109375
0 0.52578125 0.4501953125 0.0203125 0.044921875
0 0.51171875 0.44921875 0.0203125 0.04296875
2 0.42578125 0.453125 0.0296875 0.0390625
2 0.41015625 0.4619140625 0.0234375 0.037109375
2 0.39375 0.4736328125 0.021875 0.044921875
