2 0.834375 0.580078125 0.225 0.2109375
2 0.9171875 0.703125 0.153125 0.3671875
0 0.290625 0.4599609375 0.028125 0.064453125
0 0.4125 0.4560546875 0.021875 0.052734375
0 0.39921875 0.451171875 0.0203125 0.046875
0 0.68828125 0.458984375 0.0203125 0.0390625
0 0.6578125 0.458984375 0.01875 0.046875
0 0.5921875 0.4541015625 0.01875 0.029296875
0 0.5796875 0.4541015625 0.01875 0.029296875
0 0.5703125 0.455078125 0.0125 0.03515625
0 0.378125 0.44921875 0.01875 0.046875
0 0.3609375 0.4462890625 0.01875 0.044921875
2 0.73046875 0.5234375 0.1546875 0.1640625
2 0.62421875 0.4736328125 0.0578125 0.060546875
0 0.26484375 0.447265625 0.0234375 0.07421875
