0 0.04140625 0.470703125 0.0234375 0.0625
2 0.9625 0.84375 0.065625 0.30078125
2 0.85859375 0.6787109375 0.2703125 0.306640625
2 0.703125 0.5419921875 0.14375 0.119140625
2 0.278125 0.505859375 0.115625 0.1171875
2 0.090625 0.6123046875 0.184375 0.240234375
2 0.6234375 0.5009765625 0.06875 0.068359375
2 0.6 0.484375 0.053125 0.05078125
2 0.58125 0.4658203125 0.05 0.044921875
2 0.34453125 0.5009765625 0.0421875 0.064453125
2 0.36484375 0.4892578125 0.0359375 0.052734375
2 0.3828125 0.4853515625 0.0375 0.052734375
2 0.3953125 0.46875 0.04375 0.0625
0 0.425 0.470703125 0.01875 0.0546875
