0 0.0234375 0.345703125 0.04375 0.09375
0 0.075 0.3779296875 0.05625 0.193359375
2 0.125 0.392578125 0.096875 0.1015625
2 0.1828125 0.3828125 0.05625 0.07421875
2 0.24296875 0.380859375 0.0609375 0.0625
2 0.321875 0.3779296875 0.05 0.052734375
2 0.5609375 0.419921875 0.11875 0.12109375
2 0.50546875 0.3994140625 0.0546875 0.072265625
2 0.43671875 0.38671875 0.0234375 0.0234375
2 0.90078125 0.4755859375 0.1859375 0.169921875
2 0.03671875 0.4580078125 0.0703125 0.224609375
0 0.4609375 0.38671875 0.0125 0.03515625
0 0.41796875 0.3818359375 0.0140625 0.037109375
0 0.40625 0.3798828125 0.01875 0.037109375
2 0.28359375 0.3818359375 0.0359375 0.056640625
2 0.3578125 0.3818359375 0.03125 0.037109375
2 0.3796875 0.384765625 0.021875 0.03125
2 0.48515625 0.3828125 0.0328125 0.0625
