0 0.9703125 0.6435546875 0.05 0.533203125
2 0.85703125 0.513671875 0.2296875 0.23046875
2 0.740625 0.5107421875 0.090625 0.189453125
2 0.66875 0.51953125 0.096875 0.12109375
2 0.64765625 0.5009765625 0.1484375 0.134765625
0 0.52421875 0.4931640625 0.0421875 0.126953125
0 0.48203125 0.4931640625 0.0421875 0.134765625
0 0.328125 0.4736328125 0.021875 0.056640625
0 0.36015625 0.4736328125 0.0203125 0.060546875
0 0.3796875 0.474609375 0.021875 0.0625
2 0.2109375 0.498046875 0.028125 0.046875
2 0.2625 0.470703125 0.040625 0.03515625
2 0.1234375 0.49609375 0.159375 0.12109375
2 0.06171875 0.5029296875 0.1265625 0.138671875
2 0.4484375 0.4736328125 0.04375 0.064453125
2 0.56328125 0.48046875 0.0484375 0.08984375
