2 0.18359375 0.4384765625 0.0921875 0.091796875
2 0.24140625 0.4248046875 0.0515625 0.060546875
2 0.2859375 0.4345703125 0.059375 0.056640625
2 0.45 0.44921875 0.059375 0.06640625
2 0.59921875 0.466796875 0.0640625 0.07421875
2 0.27890625 0.53125 0.1859375 0.15234375
0 0.884375 0.4609375 0.046875 0.12109375
0 0.8453125 0.458984375 0.034375 0.12890625
0 0.8046875 0.4609375 0.046875 0.11328125
0 0.11953125 0.4423828125 0.0265625 0.083984375
0 0.0828125 0.443359375 0.021875 0.07421875
2 0.42734375 0.4267578125 0.0453125 0.060546875
2 0.403125 0.4248046875 0.025 0.037109375
2 0.33828125 0.412109375 0.0203125 0.0234375
2 0.6734375 0.4482421875 0.08125 0.041015625
2 0.7171875 0.4326171875 0.046875 0.052734375
