0 0.58125 0.5126953125 0.034375 0.103515625
0 0.51484375 0.505859375 0.0328125 0.109375
1 0.58046875 0.548828125 0.0234375 0.06640625
1 0.5140625 0.5380859375 0.025 0.060546875
2 0.7640625 0.576171875 0.190625 0.140625
2 0.6609375 0.5341796875 0.0875 0.083984375
1 0.67109375 0.5654296875 0.0703125 0.076171875
2 0.07578125 0.5732421875 0.1515625 0.212890625
2 0.26640625 0.529296875 0.1265625 0.09375
2 0.3484375 0.505859375 0.06875 0.078125
2 0.390625 0.4970703125 0.05 0.037109375
2 0.96015625 0.685546875 0.0734375 0.37890625
2 0.63359375 0.51171875 0.0734375 0.09375
2 0.41328125 0.490234375 0.0359375 0.05078125
2 0.440625 0.4931640625 0.021875 0.037109375
2 0.45 0.4853515625 0.028125 0.041015625
2 0.4765625 0.486328125 0.01875 0.0234375
