1 0.77421875 0.59375 0.0734375 0.140625
1 0.6046875 0.5419921875 0.040625 0.083984375
1 0.07265625 0.5263671875 0.0359375 0.099609375
1 0.203125 0.501953125 0.01875 0.046875
1 0.44140625 0.4921875 0.0171875 0.04296875
1 0.39921875 0.490234375 0.0171875 0.04296875
1 0.36796875 0.478515625 0.0140625 0.02734375
0 0.12265625 0.470703125 0.0234375 0.078125
0 0.29453125 0.466796875 0.0140625 0.04296875
0 0.86953125 0.47265625 0.0421875 0.14453125
0 0.82734375 0.4658203125 0.0390625 0.138671875
2 0.684375 0.5185546875 0.10625 0.130859375
2 0.54921875 0.484375 0.0734375 0.08203125
2 0.6546875 0.470703125 0.065625 0.05078125
2 0.4765625 0.474609375 0.046875 0.05078125
0 0.77109375 0.5126953125 0.0859375 0.224609375
0 0.6 0.478515625 0.05 0.140625
0 0.44140625 0.447265625 0.0203125 0.0546875
0 0.3953125 0.453125 0.025 0.0390625
0 0.36796875 0.4541015625 0.0203125 0.029296875
2 0.3453125 0.4609375 0.015625 0.01953125
2 0.32734375 0.466796875 0.0203125 0.01953125
0 0.19765625 0.466796875 0.0296875 0.078125
0 0.07265625 0.474609375 0.0453125 0.1484375
