2 0.2375 0.50390625 0.134375 0.1015625
2 0.31328125 0.494140625 0.0609375 0.07421875
2 0.8296875 0.57421875 0.265625 0.27734375
2 0.68828125 0.5439453125 0.0921875 0.130859375
2 0.67578125 0.51171875 0.0953125 0.08984375
2 0.65 0.494140625 0.084375 0.09375
2 0.575 0.4658203125 0.04375 0.044921875
2 0.4359375 0.462890625 0.025 0.03515625
0 0.465625 0.4580078125 0.01875 0.037109375
0 0.5421875 0.4619140625 0.01875 0.041015625
0 0.53125 0.4619140625 0.01875 0.041015625
2 0.37421875 0.455078125 0.0265625 0.0390625
2 0.40703125 0.466796875 0.0484375 0.0546875
2 0.35859375 0.4609375 0.0234375 0.0390625
2 0.03984375 0.515625 0.0734375 0.078125
