2 0.91484375 0.521484375 0.1640625 0.265625
2 0.81640625 0.5400390625 0.0421875 0.115234375
2 0.7734375 0.541015625 0.046875 0.109375
2 0.6984375 0.525390625 0.1 0.109375
2 0.63828125 0.4912109375 0.0203125 0.029296875
2 0.6 0.4931640625 0.040625 0.029296875
2 0.56796875 0.4921875 0.0203125 0.03515625
2 0.546875 0.4931640625 0.021875 0.037109375
0 0.41484375 0.484375 0.0203125 0.0390625
1 0.41640625 0.5166015625 0.0234375 0.025390625
0 0.40078125 0.490234375 0.0109375 0.04296875
0 0.2578125 0.4931640625 0.01875 0.060546875
