2 0.68046875 0.4482421875 0.0828125 0.083984375
2 0.56640625 0.4716796875 0.0328125 0.068359375
0 0.52109375 0.4599609375 0.0359375 0.115234375
0 0.44375 0.46875 0.0375 0.09765625
0 0.41171875 0.46875 0.0328125 0.10546875
0 0.64140625 0.5615234375 0.1671875 0.369140625
0 0.75078125 0.5107421875 0.0703125 0.275390625
0 0.7859375 0.5146484375 0.084375 0.306640625
0 0.865625 0.498046875 0.09375 0.2890625
0 0.9453125 0.59765625 0.1 0.41015625
2 0.31953125 0.4736328125 0.0890625 0.076171875
0 0.16171875 0.455078125 0.0140625 0.04296875
0 0.11875 0.44921875 0.015625 0.03515625
0 0.384375 0.443359375 0.015625 0.03125
