2 0.50625 0.517578125 0.1375 0.12890625
0 0.66171875 0.46875 0.0328125 0.10546875
0 0.63359375 0.458984375 0.0234375 0.06640625
0 0.6140625 0.462890625 0.021875 0.0625
0 0.59140625 0.46484375 0.0234375 0.06640625
2 0.80546875 0.4619140625 0.0515625 0.072265625
2 0.92578125 0.4453125 0.1421875 0.13671875
2 0.95078125 0.4853515625 0.0921875 0.123046875
2 0.728125 0.455078125 0.034375 0.0625
0 0.12578125 0.4853515625 0.0234375 0.037109375
0 0.2953125 0.4697265625 0.0125 0.037109375
0 0.2921875 0.46875 0.0125 0.03125
2 0.39453125 0.4609375 0.0328125 0.02734375
