2 0.0640625 0.45703125 0.125 0.16796875
2 0.46875 0.4677734375 0.128125 0.107421875
2 0.54140625 0.46875 0.0453125 0.05859375
2 0.56796875 0.4658203125 0.0453125 0.056640625
2 0.615625 0.4599609375 0.053125 0.044921875
2 0.8421875 0.4716796875 0.08125 0.080078125
0 0.79375 0.453125 0.040625 0.12109375
0 0.76015625 0.4521484375 0.0140625 0.080078125
2 0.64296875 0.458984375 0.0234375 0.04296875
2 0.6640625 0.4580078125 0.028125 0.033203125
2 0.6875 0.453125 0.021875 0.02734375
2 0.7078125 0.4482421875 0.025 0.025390625
0 0.74921875 0.455078125 0.0203125 0.08984375
