0 0.38125 0.458984375 0.021875 0.0546875
0 0.6734375 0.4580078125 0.01875 0.068359375
0 0.759375 0.48828125 0.021875 0.09375
0 0.78671875 0.4814453125 0.0265625 0.076171875
0 0.31015625 0.451171875 0.0171875 0.0546875
0 0.40390625 0.4609375 0.0265625 0.0546875
2 0.425 0.4521484375 0.01875 0.029296875
2 0.521875 0.4580078125 0.021875 0.025390625
0 0.65703125 0.4658203125 0.0203125 0.064453125
0 0.64375 0.46484375 0.021875 0.07421875
0 0.6109375 0.4609375 0.021875 0.06640625
1 0.81484375 0.6103515625 0.0296875 0.103515625
1 0.9375 0.5712890625 0.040625 0.099609375
