2 0.02890625 0.6298828125 0.0609375 0.255859375
2 0.13125 0.58984375 0.175 0.17578125
2 0.221875 0.5458984375 0.115625 0.119140625
2 0.31640625 0.50390625 0.0828125 0.0859375
2 0.5921875 0.470703125 0.0625 0.05078125
2 0.39921875 0.4658203125 0.0265625 0.044921875
2 0.36875 0.47265625 0.040625 0.05859375
2 0.71796875 0.5322265625 0.1953125 0.177734375
2 0.87421875 0.7001953125 0.2453125 0.294921875
2 0.440625 0.4453125 0.034375 0.04296875
2 0.56484375 0.45703125 0.0359375 0.04296875
2 0.84765625 0.4716796875 0.0578125 0.060546875
2 0.8796875 0.48046875 0.075 0.08203125
