0 0.903125 0.5009765625 0.046875 0.138671875
1 0.90390625 0.546875 0.0234375 0.09375
2 0.46640625 0.4619140625 0.0359375 0.041015625
2 0.49765625 0.4873046875 0.0484375 0.060546875
2 0.52421875 0.4775390625 0.0265625 0.041015625
2 0.6265625 0.4482421875 0.028125 0.025390625
0 0.6046875 0.447265625 0.0125 0.02734375
0 0.1640625 0.4765625 0.025 0.07421875
0 0.115625 0.498046875 0.028125 0.08984375
0 0.36640625 0.4638671875 0.0203125 0.052734375
0 0.35625 0.462890625 0.01875 0.046875
1 0.94921875 0.4951171875 0.0328125 0.044921875
