2 0.9734375 0.4833984375 0.046875 0.076171875
0 0.9171875 0.4775390625 0.0125 0.068359375
2 0.87734375 0.490234375 0.0734375 0.0703125
2 0.775 0.4892578125 0.078125 0.076171875
0 0.52578125 0.4677734375 0.0140625 0.025390625
0 0.50625 0.46484375 0.01875 0.04296875
0 0.4890625 0.478515625 0.01875 0.078125
2 0.6234375 0.5244140625 0.246875 0.169921875
2 0.43359375 0.490234375 0.0703125 0.0703125
2 0.271875 0.4951171875 0.071875 0.064453125
2 0.16796875 0.48828125 0.0734375 0.0703125
2 0.11640625 0.490234375 0.0296875 0.0703125
1 0.08984375 0.521484375 0.0203125 0.03125
0 0.078125 0.5 0.021875 0.07421875
1 0.04296875 0.515625 0.0296875 0.0390625
2 0.0796875 0.470703125 0.046875 0.0390625
2 0.01328125 0.48828125 0.0296875 0.08203125
