2 0.11015625 0.5986328125 0.1984375 0.181640625
2 0.3578125 0.4697265625 0.075 0.076171875
2 0.396875 0.46875 0.028125 0.05078125
2 0.60078125 0.4794921875 0.0578125 0.052734375
2 0.65625 0.5078125 0.08125 0.08203125
2 0.69140625 0.5361328125 0.1046875 0.103515625
2 0.7734375 0.576171875 0.16875 0.1484375
2 0.86796875 0.6591796875 0.2578125 0.263671875
2 0.5640625 0.4482421875 0.046875 0.052734375
2 0.5359375 0.447265625 0.025 0.02734375
2 0.41640625 0.455078125 0.0328125 0.0390625
2 0.434375 0.4404296875 0.028125 0.037109375
0 0.4625 0.4453125 0.01875 0.0390625
0 0.49921875 0.44140625 0.0203125 0.0390625
2 0.01640625 0.63671875 0.0359375 0.26953125
