2 0.06328125 0.42578125 0.1296875 0.109375
0 0.1046875 0.447265625 0.0375 0.0859375
0 0.01796875 0.4384765625 0.0359375 0.123046875
0 0.21328125 0.4443359375 0.0484375 0.072265625
0 0.30625 0.435546875 0.0375 0.078125
0 0.3625 0.427734375 0.0375 0.0703125
2 0.78203125 0.4267578125 0.0734375 0.087890625
1 0.0296875 0.490234375 0.059375 0.06640625
1 0.1046875 0.48828125 0.04375 0.0546875
1 0.21328125 0.4775390625 0.0546875 0.044921875
1 0.3078125 0.46484375 0.040625 0.046875
1 0.36328125 0.4560546875 0.0359375 0.044921875
0 0.409375 0.4248046875 0.028125 0.064453125
