0 0.70546875 0.501953125 0.0234375 0.0859375
2 0.61484375 0.4912109375 0.0515625 0.052734375
2 0.346875 0.4990234375 0.059375 0.064453125
2 0.27890625 0.5146484375 0.1203125 0.095703125
2 0.3890625 0.490234375 0.05 0.05078125
2 0.0796875 0.5498046875 0.159375 0.244140625
2 0.5609375 0.474609375 0.040625 0.03515625
2 0.46484375 0.474609375 0.0359375 0.0390625
2 0.41796875 0.486328125 0.0359375 0.04296875
2 0.18046875 0.5302734375 0.0609375 0.091796875
2 0.44375 0.4814453125 0.034375 0.041015625
2 0.4921875 0.470703125 0.021875 0.03125
0 0.5328125 0.4755859375 0.015625 0.044921875
2 0.8203125 0.4951171875 0.046875 0.044921875
0 0.57421875 0.466796875 0.0171875 0.0234375
