0 0.559375 0.4873046875 0.028125 0.087890625
2 0.778125 0.4833984375 0.090625 0.103515625
2 0.84453125 0.515625 0.1171875 0.1171875
2 0.48515625 0.4482421875 0.0359375 0.033203125
2 0.60703125 0.4892578125 0.0703125 0.072265625
2 0.28515625 0.5107421875 0.1046875 0.087890625
2 0.3453125 0.486328125 0.053125 0.0703125
2 0.18515625 0.5478515625 0.1171875 0.115234375
2 0.0984375 0.59765625 0.19375 0.18359375
1 0.5609375 0.5361328125 0.021875 0.052734375
2 0.3765625 0.4814453125 0.028125 0.044921875
2 0.40078125 0.46875 0.0265625 0.03515625
