2 0.346875 0.4853515625 0.128125 0.087890625
2 0.50859375 0.462890625 0.0234375 0.046875
2 0.5359375 0.4755859375 0.0625 0.056640625
1 0.22734375 0.5244140625 0.1234375 0.076171875
0 0.228125 0.4873046875 0.053125 0.126953125
0 0.05078125 0.4580078125 0.0296875 0.076171875
0 0.6421875 0.4599609375 0.01875 0.068359375
0 0.72421875 0.4638671875 0.0234375 0.087890625
0 0.8765625 0.4736328125 0.0375 0.107421875
0 0.90625 0.474609375 0.05 0.1015625
0 0.446875 0.455078125 0.021875 0.0625
2 0.503125 0.4560546875 0.03125 0.041015625
2 0.4875 0.4501953125 0.025 0.025390625
0 0.00859375 0.4560546875 0.0203125 0.056640625
0 0.0828125 0.4404296875 0.028125 0.025390625
0 0.1046875 0.4462890625 0.025 0.037109375
0 0.91875 0.439453125 0.021875 0.0390625
