2 0.33359375 0.478515625 0.0734375 0.078125
2 0.6625 0.4638671875 0.109375 0.083984375
0 0.415625 0.46875 0.028125 0.09375
0 0.44375 0.4697265625 0.03125 0.099609375
0 0.51875 0.5830078125 0.1375 0.291015625
0 0.79375 0.5673828125 0.125 0.365234375
0 0.87421875 0.5078125 0.0734375 0.26171875
0 0.75859375 0.46875 0.0609375 0.15625
0 0.9515625 0.5458984375 0.090625 0.369140625
0 0.51953125 0.4462890625 0.0296875 0.060546875
0 0.384375 0.44921875 0.015625 0.0390625
0 0.125 0.451171875 0.0125 0.03515625
0 0.1328125 0.44921875 0.0125 0.02734375
0 0.18984375 0.458984375 0.0203125 0.03515625
