2 0.86796875 0.630859375 0.2546875 0.28515625
2 0.74765625 0.5615234375 0.1609375 0.158203125
2 0.65 0.4912109375 0.090625 0.107421875
2 0.35 0.4775390625 0.0875 0.068359375
2 0.19296875 0.482421875 0.1515625 0.0859375
1 0.15546875 0.51171875 0.0578125 0.0546875
2 0.4328125 0.462890625 0.034375 0.0390625
2 0.38828125 0.4736328125 0.0328125 0.052734375
2 0.4515625 0.4599609375 0.025 0.029296875
0 0.47578125 0.45703125 0.0140625 0.03125
0 0.53125 0.4599609375 0.0125 0.037109375
0 0.53828125 0.45703125 0.0140625 0.03515625
2 0.565625 0.4609375 0.04375 0.04296875
2 0.6 0.4736328125 0.046875 0.060546875
2 0.60390625 0.4892578125 0.0328125 0.072265625
2 0.8546875 0.4736328125 0.128125 0.025390625
