2 0.59453125 0.47265625 0.0671875 0.06640625
2 0.8140625 0.447265625 0.078125 0.0390625
0 0.48671875 0.5029296875 0.0265625 0.119140625
0 0.4578125 0.5 0.034375 0.15234375
0 0.42109375 0.5029296875 0.0609375 0.228515625
0 0.3890625 0.4697265625 0.034375 0.119140625
0 0.35234375 0.474609375 0.0515625 0.12109375
0 0.30859375 0.4501953125 0.0328125 0.115234375
0 0.23515625 0.4443359375 0.0234375 0.119140625
0 0.2125 0.4501953125 0.03125 0.103515625
0 0.1953125 0.443359375 0.028125 0.08984375
0 0.2609375 0.447265625 0.021875 0.10546875
2 0.68984375 0.4384765625 0.0765625 0.044921875
2 0.178125 0.4384765625 0.03125 0.056640625
2 0.6609375 0.4521484375 0.06875 0.033203125
