2 0.8296875 0.4697265625 0.0875 0.052734375
2 0.903125 0.462890625 0.071875 0.04296875
2 0.459375 0.4775390625 0.096875 0.060546875
2 0.23828125 0.515625 0.1859375 0.125
2 0.0734375 0.53125 0.146875 0.140625
0 0.653125 0.46875 0.021875 0.0703125
0 0.70078125 0.4619140625 0.0265625 0.068359375
0 0.73046875 0.462890625 0.0265625 0.0625
0 0.4046875 0.48828125 0.021875 0.08984375
0 0.38359375 0.486328125 0.0328125 0.09765625
0 0.35703125 0.48046875 0.0265625 0.09375
0 0.33671875 0.4814453125 0.0234375 0.099609375
0 0.3078125 0.455078125 0.01875 0.04296875
0 0.28828125 0.4521484375 0.0265625 0.041015625
0 0.03828125 0.44921875 0.0234375 0.0390625
0 0.946875 0.455078125 0.01875 0.05078125
0 0.9578125 0.455078125 0.01875 0.046875
0 0.8671875 0.4443359375 0.01875 0.029296875
