2 0.815625 0.458984375 0.0375 0.078125
2 0.92421875 0.451171875 0.1453125 0.14453125
2 0.94765625 0.4873046875 0.0984375 0.123046875
0 0.63828125 0.45703125 0.0203125 0.06640625
0 0.69140625 0.4736328125 0.0453125 0.166015625
0 0.73671875 0.4755859375 0.0359375 0.158203125
0 0.7625 0.4833984375 0.03125 0.166015625
0 0.7875 0.470703125 0.040625 0.1796875
0 0.30390625 0.48046875 0.0265625 0.05078125
0 0.2765625 0.482421875 0.025 0.05078125
0 0.125 0.4853515625 0.021875 0.037109375
0 0.1109375 0.4951171875 0.03125 0.056640625
0 0.615625 0.4599609375 0.025 0.068359375
0 0.60390625 0.4638671875 0.0234375 0.060546875
0 0.54921875 0.451171875 0.0203125 0.04296875
0 0.57109375 0.458984375 0.0296875 0.0546875
