2 0.21953125 0.4765625 0.1359375 0.07421875
2 0.359375 0.478515625 0.071875 0.0546875
2 0.42890625 0.458984375 0.0328125 0.0390625
2 0.55546875 0.4609375 0.0328125 0.03515625
2 0.62890625 0.4873046875 0.0796875 0.091796875
2 0.69140625 0.5302734375 0.1046875 0.123046875
2 0.8 0.5751953125 0.2375 0.216796875
1 0.1984375 0.49609375 0.046875 0.05078125
0 0.47265625 0.453125 0.0140625 0.03125
0 0.53203125 0.45703125 0.0109375 0.03515625
0 0.52265625 0.45703125 0.0140625 0.03515625
2 0.4484375 0.45703125 0.021875 0.03125
2 0.58828125 0.470703125 0.0421875 0.0625
