2 0.8625 0.419921875 0.0375 0.03125
2 0.83125 0.4453125 0.1 0.046875
0 0.734375 0.462890625 0.03125 0.11328125
2 0.72890625 0.43359375 0.0234375 0.04296875
2 0.7046875 0.4326171875 0.028125 0.041015625
2 0.6578125 0.439453125 0.034375 0.0546875
0 0.615625 0.4716796875 0.021875 0.087890625
0 0.65 0.458984375 0.025 0.07421875
2 0.6078125 0.419921875 0.053125 0.015625
2 0.5171875 0.453125 0.021875 0.0390625
2 0.48671875 0.4541015625 0.0234375 0.037109375
2 0.340625 0.45703125 0.025 0.03125
2 0.321875 0.455078125 0.01875 0.0234375
2 0.29921875 0.4521484375 0.0265625 0.033203125
2 0.26953125 0.43359375 0.0359375 0.0234375
2 0.2703125 0.455078125 0.025 0.03515625
2 0.23359375 0.4755859375 0.0578125 0.068359375
2 0.1453125 0.490234375 0.15 0.16796875
2 0.053125 0.5693359375 0.109375 0.369140625
