0 0.15859375 0.484375 0.0296875 0.03125
2 0.89140625 0.7666015625 0.2109375 0.458984375
2 0.83125 0.6044921875 0.309375 0.283203125
2 0.67734375 0.5166015625 0.1203125 0.138671875
2 0.41796875 0.4775390625 0.0796875 0.044921875
2 0.4921875 0.455078125 0.040625 0.03515625
2 0.24765625 0.5302734375 0.1109375 0.095703125
2 0.1890625 0.5625 0.0875 0.12109375
2 0.0828125 0.58984375 0.1625 0.19921875
0 0.59296875 0.48046875 0.0296875 0.0546875
2 0.5421875 0.4541015625 0.028125 0.033203125
0 0.15859375 0.4462890625 0.0203125 0.029296875
