0 0.4375 0.4765625 0.0375 0.140625
0 0.221875 0.462890625 0.034375 0.0859375
0 0.61015625 0.513671875 0.0703125 0.25
1 0.22421875 0.4931640625 0.0203125 0.068359375
2 0.075 0.490234375 0.153125 0.13671875
2 0.396875 0.470703125 0.05 0.06640625
2 0.51875 0.48046875 0.1375 0.10546875
2 0.54140625 0.51171875 0.0703125 0.08203125
2 0.690625 0.4560546875 0.13125 0.072265625
2 0.69609375 0.51171875 0.1296875 0.1328125
2 0.74609375 0.5205078125 0.1421875 0.169921875
2 0.8875 0.515625 0.215625 0.24609375
2 0.9546875 0.5537109375 0.08125 0.263671875
1 0.240625 0.4931640625 0.01875 0.052734375
0 0.24375 0.4541015625 0.025 0.064453125
2 0.3609375 0.4697265625 0.05 0.056640625
2 0.14609375 0.4755859375 0.0453125 0.060546875
