2 0.19140625 0.4755859375 0.1734375 0.158203125
2 0.3109375 0.470703125 0.0625 0.06640625
2 0.3515625 0.458984375 0.028125 0.046875
2 0.67890625 0.48046875 0.0671875 0.09765625
2 0.97890625 0.517578125 0.0359375 0.1875
0 0.9234375 0.5166015625 0.10625 0.232421875
1 0.94765625 0.5966796875 0.0546875 0.138671875
1 0.9015625 0.599609375 0.04375 0.08984375
1 0.80546875 0.55078125 0.0546875 0.1015625
1 0.709375 0.53515625 0.0375 0.06640625
1 0.64375 0.521484375 0.03125 0.0625
1 0.59375 0.5048828125 0.025 0.064453125
0 0.80703125 0.4951171875 0.0734375 0.158203125
0 0.7125 0.4970703125 0.0375 0.103515625
0 0.64375 0.48046875 0.034375 0.09375
0 0.59375 0.474609375 0.0375 0.09375
2 0.5671875 0.4658203125 0.034375 0.064453125
