0 0.009375 0.513671875 0.01875 0.125
0 0.03671875 0.5078125 0.0296875 0.12109375
0 0.0671875 0.509765625 0.040625 0.10546875
0 0.38828125 0.4609375 0.0203125 0.0546875
0 0.6703125 0.470703125 0.025 0.0625
0 0.3390625 0.458984375 0.01875 0.05078125
0 0.32734375 0.458984375 0.0203125 0.046875
2 0.925 0.6484375 0.134375 0.265625
2 0.8625 0.5068359375 0.165625 0.087890625
2 0.6171875 0.4765625 0.053125 0.0625
2 0.58984375 0.4658203125 0.0328125 0.041015625
2 0.50390625 0.4423828125 0.0265625 0.029296875
2 0.4359375 0.44921875 0.05 0.0390625
