2 0.06171875 0.52734375 0.1171875 0.25
2 0.103125 0.48828125 0.084375 0.15234375
2 0.1875 0.4990234375 0.11875 0.138671875
2 0.26171875 0.4794921875 0.0703125 0.119140625
2 0.35 0.4609375 0.034375 0.03125
2 0.6296875 0.4892578125 0.09375 0.091796875
2 0.63828125 0.5126953125 0.0703125 0.107421875
2 0.7046875 0.544921875 0.1625 0.15234375
2 0.88125 0.7568359375 0.228125 0.466796875
2 0.75390625 0.4677734375 0.0953125 0.072265625
2 0.4703125 0.462890625 0.028125 0.03125
2 0.4390625 0.4638671875 0.034375 0.033203125
0 0.41015625 0.4580078125 0.0171875 0.041015625
0 0.53125 0.46875 0.015625 0.05078125
0 0.51875 0.4697265625 0.0125 0.056640625
0 0.509375 0.46875 0.009375 0.0546875
