0 0.2203125 0.46484375 0.034375 0.046875
0 0.4109375 0.505859375 0.05 0.14453125
0 0.0484375 0.49609375 0.040625 0.12109375
0 0.08203125 0.4912109375 0.0265625 0.126953125
0 0.16328125 0.4990234375 0.0265625 0.123046875
0 0.12109375 0.521484375 0.0671875 0.22265625
2 0.265625 0.5087890625 0.184375 0.123046875
0 0.79140625 0.474609375 0.0265625 0.078125
0 0.8125 0.478515625 0.028125 0.0703125
0 0.678125 0.4599609375 0.01875 0.037109375
0 0.69375 0.458984375 0.015625 0.03125
2 0.74375 0.4677734375 0.071875 0.068359375
2 0.61875 0.46484375 0.034375 0.03515625
