0 0.98125 0.5166015625 0.03125 0.302734375
0 0.88515625 0.5107421875 0.0921875 0.294921875
2 0.93828125 0.41015625 0.0765625 0.0625
2 0.94140625 0.4912109375 0.0703125 0.099609375
0 0.82109375 0.486328125 0.0515625 0.21484375
0 0.7765625 0.509765625 0.090625 0.31640625
0 0.73046875 0.498046875 0.0578125 0.2265625
0 0.4015625 0.4609375 0.021875 0.05859375
0 0.18671875 0.486328125 0.0234375 0.0546875
0 0.12421875 0.486328125 0.0234375 0.03515625
0 0.10703125 0.4931640625 0.0234375 0.052734375
0 0.65078125 0.4580078125 0.0296875 0.076171875
0 0.62890625 0.458984375 0.0296875 0.078125
0 0.553125 0.453125 0.01875 0.0390625
