2 0.015625 0.5048828125 0.034375 0.091796875
2 0.06015625 0.4970703125 0.0671875 0.091796875
2 0.1578125 0.4775390625 0.075 0.072265625
0 0.10234375 0.470703125 0.0203125 0.0625
0 0.39921875 0.4658203125 0.0296875 0.087890625
1 0.55078125 0.47265625 0.0359375 0.02734375
0 0.321875 0.4501953125 0.009375 0.025390625
0 0.30546875 0.4619140625 0.0109375 0.037109375
0 0.28828125 0.4501953125 0.0140625 0.037109375
1 0.3234375 0.4697265625 0.009375 0.025390625
1 0.28671875 0.4775390625 0.0078125 0.029296875
1 0.525 0.47265625 0.021875 0.03515625
