2 0.8828125 0.5546875 0.228125 0.2265625
2 0.55 0.466796875 0.053125 0.05859375
2 0.51953125 0.462890625 0.0265625 0.046875
2 0.4640625 0.46484375 0.025 0.02734375
2 0.39453125 0.458984375 0.0234375 0.02734375
2 0.384375 0.4619140625 0.025 0.029296875
2 0.371875 0.4658203125 0.01875 0.029296875
2 0.35390625 0.4638671875 0.0234375 0.033203125
2 0.3359375 0.47265625 0.03125 0.03515625
2 0.2921875 0.4658203125 0.059375 0.064453125
2 0.25546875 0.4794921875 0.0609375 0.052734375
2 0.040625 0.4853515625 0.084375 0.169921875
