0 0.63984375 0.46484375 0.0203125 0.08984375
0 0.621875 0.45703125 0.028125 0.09765625
0 0.73359375 0.4677734375 0.0546875 0.150390625
0 0.42421875 0.4638671875 0.0234375 0.072265625
2 0.8078125 0.458984375 0.059375 0.07421875
2 0.92265625 0.447265625 0.1453125 0.14453125
2 0.94921875 0.484375 0.0953125 0.12109375
0 0.54765625 0.4541015625 0.0171875 0.041015625
0 0.47578125 0.4560546875 0.0171875 0.048828125
0 0.46640625 0.458984375 0.0140625 0.046875
0 0.37578125 0.458984375 0.0140625 0.02734375
0 0.16640625 0.4765625 0.0203125 0.04296875
0 0.125 0.4931640625 0.021875 0.056640625
