0 0.06328125 0.439453125 0.0484375 0.06640625
0 0.65546875 0.4736328125 0.0234375 0.044921875
0 0.7015625 0.5107421875 0.0375 0.138671875
0 0.73125 0.5341796875 0.046875 0.181640625
2 0.21640625 0.4375 0.1359375 0.05078125
2 0.11328125 0.55078125 0.2046875 0.1796875
2 0.22734375 0.51953125 0.1046875 0.1171875
2 0.3078125 0.5 0.09375 0.1171875
2 0.353125 0.4873046875 0.05 0.083984375
2 0.38515625 0.47265625 0.0328125 0.0703125
2 0.43125 0.462890625 0.05 0.05078125
2 0.91484375 0.5166015625 0.1453125 0.107421875
2 0.878125 0.494140625 0.19375 0.109375
2 0.7921875 0.490234375 0.08125 0.0703125
2 0.76171875 0.4892578125 0.0515625 0.072265625
0 0.621875 0.458984375 0.015625 0.04296875
2 0.58671875 0.4580078125 0.0265625 0.033203125
2 0.55703125 0.4462890625 0.0171875 0.021484375
2 0.4625 0.458984375 0.025 0.03515625
2 0.47109375 0.451171875 0.0328125 0.0390625
2 0.48828125 0.4521484375 0.0203125 0.025390625
