2 0.9671875 0.4697265625 0.059375 0.064453125
2 0.91640625 0.4521484375 0.0359375 0.091796875
0 0.884375 0.466796875 0.034375 0.15625
2 0.8453125 0.443359375 0.040625 0.0859375
0 0.7640625 0.4423828125 0.025 0.103515625
0 0.74296875 0.4423828125 0.0265625 0.107421875
0 0.66328125 0.4140625 0.0203125 0.05859375
0 0.6421875 0.4140625 0.01875 0.06640625
0 0.62890625 0.4150390625 0.0203125 0.064453125
0 0.61015625 0.421875 0.0203125 0.06640625
0 0.60234375 0.42578125 0.0203125 0.05078125
0 0.5828125 0.421875 0.01875 0.05078125
0 0.565625 0.4130859375 0.01875 0.033203125
0 0.5484375 0.4189453125 0.01875 0.044921875
0 0.5203125 0.427734375 0.01875 0.0546875
2 0.44765625 0.4423828125 0.0328125 0.025390625
0 0.2578125 0.44140625 0.01875 0.03515625
0 0.23828125 0.4345703125 0.0203125 0.044921875
0 0.2234375 0.4345703125 0.021875 0.052734375
0 0.203125 0.4326171875 0.01875 0.052734375
0 0.18671875 0.4345703125 0.0203125 0.056640625
2 0.065625 0.4892578125 0.134375 0.150390625
