0 0.7296875 0.4833984375 0.034375 0.146484375
0 0.7546875 0.4765625 0.0375 0.1484375
0 0.69921875 0.46875 0.0265625 0.13671875
0 0.67109375 0.46875 0.0453125 0.15625
2 0.8078125 0.4609375 0.05625 0.07421875
2 0.92578125 0.447265625 0.1421875 0.14453125
2 0.95 0.484375 0.09375 0.1015625
0 0.6296875 0.4599609375 0.028125 0.068359375
0 0.6125 0.4609375 0.025 0.0703125
0 0.59375 0.4638671875 0.025 0.072265625
0 0.3453125 0.4716796875 0.01875 0.052734375
2 0.4515625 0.458984375 0.0375 0.03515625
0 0.1109375 0.49609375 0.028125 0.05859375
0 0.33125 0.4775390625 0.015625 0.052734375
0 0.553125 0.45703125 0.01875 0.04296875
0 0.5765625 0.45703125 0.01875 0.05078125
0 0.12578125 0.4853515625 0.0203125 0.029296875
