2 0.58828125 0.509765625 0.0359375 0.046875
2 0.40390625 0.4970703125 0.0453125 0.060546875
0 0.23046875 0.4951171875 0.0234375 0.087890625
0 0.2578125 0.490234375 0.021875 0.0703125
0 0.08828125 0.49609375 0.0359375 0.12890625
0 0.0640625 0.486328125 0.025 0.10546875
0 0.04765625 0.494140625 0.0359375 0.109375
2 0.4328125 0.5029296875 0.021875 0.037109375
2 0.4515625 0.4970703125 0.015625 0.037109375
0 0.47578125 0.4921875 0.0140625 0.03515625
0 0.5 0.494140625 0.015625 0.0390625
1 0.8765625 0.65625 0.04375 0.11328125
1 0.75625 0.59375 0.028125 0.07421875
0 0.29296875 0.498046875 0.0203125 0.05078125
1 0.82578125 0.5927734375 0.0359375 0.072265625
