1 0.9109375 0.7509765625 0.078125 0.201171875
1 0.84140625 0.7109375 0.0359375 0.15234375
0 0.87890625 0.6318359375 0.1265625 0.310546875
0 0.715625 0.48828125 0.0375 0.109375
0 0.6859375 0.4931640625 0.025 0.099609375
0 0.36328125 0.4736328125 0.0234375 0.056640625
2 0.421875 0.4755859375 0.078125 0.044921875
2 0.46328125 0.50390625 0.1046875 0.07421875
2 0.55625 0.52734375 0.146875 0.1328125
2 0.94765625 0.673828125 0.0953125 0.2421875
2 0.096875 0.466796875 0.071875 0.05078125
2 0.0421875 0.4638671875 0.05 0.044921875
2 0.01171875 0.4658203125 0.0265625 0.044921875
2 0.65859375 0.478515625 0.0421875 0.0390625
