1 0.71328125 0.615234375 0.0921875 0.19140625
1 0.5359375 0.5224609375 0.021875 0.119140625
1 0.4484375 0.5263671875 0.021875 0.107421875
1 0.3921875 0.578125 0.028125 0.171875
1 0.85390625 0.517578125 0.0734375 0.17578125
1 0.0703125 0.482421875 0.040625 0.08203125
1 0.1375 0.482421875 0.025 0.06640625
2 0.2765625 0.462890625 0.05625 0.05078125
0 0.71171875 0.4697265625 0.0921875 0.287109375
0 0.8078125 0.4013671875 0.025 0.056640625
0 0.4984375 0.4443359375 0.0125 0.044921875
0 0.48125 0.4453125 0.015625 0.04296875
0 0.53671875 0.462890625 0.0546875 0.2109375
0 0.44921875 0.46875 0.0484375 0.18359375
0 0.38515625 0.4921875 0.0796875 0.28125
2 0.3328125 0.453125 0.034375 0.03125
