2 0.58046875 0.4658203125 0.1203125 0.111328125
2 0.51484375 0.45703125 0.0546875 0.06640625
2 0.334375 0.46875 0.059375 0.0546875
2 0.1359375 0.484375 0.103125 0.0859375
2 0.1984375 0.4794921875 0.0625 0.072265625
2 0.234375 0.470703125 0.05625 0.0703125
2 0.26640625 0.4658203125 0.0234375 0.056640625
2 0.30390625 0.4619140625 0.0296875 0.044921875
2 0.48203125 0.4638671875 0.0203125 0.041015625
2 0.46640625 0.458984375 0.0203125 0.03515625
2 0.45546875 0.453125 0.0203125 0.02734375
2 0.4421875 0.44921875 0.01875 0.0234375
2 0.0796875 0.4541015625 0.034375 0.044921875
2 0.0359375 0.4638671875 0.03125 0.037109375
