0 0.93203125 0.5048828125 0.0265625 0.220703125
0 0.91015625 0.4970703125 0.0265625 0.193359375
0 0.85546875 0.515625 0.0265625 0.21484375
0 0.81328125 0.4931640625 0.0578125 0.216796875
0 0.678125 0.4599609375 0.028125 0.103515625
0 0.615625 0.4853515625 0.025 0.083984375
0 0.59296875 0.4755859375 0.0234375 0.103515625
0 0.575 0.47265625 0.01875 0.09375
2 0.45 0.4677734375 0.028125 0.029296875
2 0.44140625 0.455078125 0.0109375 0.01953125
2 0.421875 0.455078125 0.009375 0.01953125
2 0.39921875 0.462890625 0.0109375 0.01953125
2 0.37109375 0.46484375 0.0109375 0.01953125
2 0.3625 0.46484375 0.015625 0.015625
2 0.3515625 0.46875 0.015625 0.01953125
2 0.34140625 0.47265625 0.0109375 0.01953125
2 0.33046875 0.474609375 0.0140625 0.0234375
2 0.31640625 0.4755859375 0.0171875 0.029296875
2 0.2984375 0.4677734375 0.021875 0.044921875
2 0.259375 0.486328125 0.084375 0.07421875
0 0.98125 0.4814453125 0.03125 0.248046875
