2 0.90078125 0.505859375 0.1921875 0.2890625
2 0.83359375 0.486328125 0.2546875 0.203125
2 0.6953125 0.4990234375 0.028125 0.087890625
0 0.6734375 0.5009765625 0.01875 0.091796875
2 0.559375 0.501953125 0.215625 0.296875
0 0.37734375 0.5322265625 0.0890625 0.349609375
1 0.35078125 0.662109375 0.0921875 0.15625
1 0.4296875 0.638671875 0.046875 0.15234375
2 0.215625 0.4814453125 0.24375 0.228515625
2 0.1484375 0.50390625 0.090625 0.21875
2 0.0671875 0.498046875 0.1375 0.31640625
2 0.42109375 0.5078125 0.0515625 0.10546875
