0 0.70625 0.4560546875 0.025 0.037109375
1 0.7046875 0.4794921875 0.01875 0.021484375
2 0.82734375 0.5625 0.3390625 0.30078125
2 0.5109375 0.466796875 0.046875 0.0546875
2 0.496875 0.45703125 0.046875 0.05078125
2 0.47265625 0.458984375 0.0203125 0.02734375
2 0.4609375 0.455078125 0.015625 0.01953125
2 0.415625 0.455078125 0.01875 0.01953125
2 0.38359375 0.4609375 0.0203125 0.02734375
0 0.35546875 0.4072265625 0.0203125 0.025390625
2 0.33125 0.462890625 0.08125 0.09765625
2 0.24765625 0.4521484375 0.0515625 0.041015625
2 0.2984375 0.486328125 0.084375 0.0859375
2 0.08359375 0.4716796875 0.1171875 0.087890625
2 0.16484375 0.51171875 0.2015625 0.1484375
2 0.03359375 0.541015625 0.0703125 0.26953125
