0 0.65 0.556640625 0.034375 0.078125
0 0.85078125 0.48828125 0.0359375 0.046875
0 0.94140625 0.494140625 0.0359375 0.1015625
0 0.9765625 0.5029296875 0.0375 0.103515625
0 0.1828125 0.515625 0.028125 0.0859375
0 0.57578125 0.505859375 0.0234375 0.06640625
2 0.4828125 0.529296875 0.09375 0.08984375
2 0.2265625 0.5009765625 0.078125 0.091796875
2 0.146875 0.5146484375 0.05 0.095703125
2 0.06640625 0.5205078125 0.1359375 0.130859375
0 0.30625 0.482421875 0.0125 0.03125
0 0.3171875 0.4892578125 0.0125 0.044921875
0 0.69921875 0.4970703125 0.0203125 0.056640625
