2 0.3625 0.447265625 0.05 0.05078125
2 0.4078125 0.4296875 0.028125 0.03515625
2 0.684375 0.4775390625 0.046875 0.076171875
2 0.85234375 0.5078125 0.1171875 0.140625
2 0.93046875 0.5048828125 0.1296875 0.216796875
0 0.9625 0.521484375 0.06875 0.234375
1 0.9609375 0.619140625 0.059375 0.125
0 0.7734375 0.482421875 0.065625 0.18359375
1 0.7734375 0.556640625 0.040625 0.10546875
0 0.7234375 0.48828125 0.04375 0.12890625
1 0.72265625 0.53125 0.0296875 0.078125
0 0.64609375 0.4716796875 0.0484375 0.123046875
1 0.64453125 0.5087890625 0.0234375 0.072265625
0 0.59375 0.4580078125 0.03125 0.076171875
1 0.59453125 0.484375 0.0234375 0.04296875
0 0.571875 0.447265625 0.01875 0.0546875
0 0.53984375 0.4423828125 0.0203125 0.041015625
