2 0.75546875 0.50390625 0.3796875 0.2109375
0 0.525 0.578125 0.1 0.390625
2 0.4453125 0.4609375 0.03125 0.03125
2 0.42109375 0.4453125 0.0109375 0.015625
2 0.3984375 0.45703125 0.0125 0.01953125
0 0.35 0.439453125 0.025 0.046875
0 0.32421875 0.447265625 0.0265625 0.05078125
0 0.3828125 0.6728515625 0.10625 0.427734375
0 0.31015625 0.56640625 0.0453125 0.2578125
2 0.271875 0.466796875 0.03125 0.0546875
2 0.2515625 0.455078125 0.01875 0.02734375
0 0.24765625 0.5048828125 0.0203125 0.076171875
0 0.22734375 0.4892578125 0.0234375 0.119140625
0 0.20859375 0.5 0.0203125 0.09375
2 0.184375 0.470703125 0.028125 0.0625
0 0.15 0.5810546875 0.1 0.361328125
0 0.06953125 0.646484375 0.1421875 0.36328125
