2 0.07890625 0.6005859375 0.1609375 0.220703125
2 0.36640625 0.4814453125 0.0484375 0.052734375
2 0.48203125 0.4501953125 0.0328125 0.029296875
2 0.58125 0.4658203125 0.0625 0.060546875
2 0.653125 0.5146484375 0.1125 0.095703125
2 0.8453125 0.490234375 0.15625 0.08984375
2 0.95703125 0.482421875 0.0765625 0.07421875
2 0.87578125 0.705078125 0.2359375 0.40625
2 0.78984375 0.470703125 0.0796875 0.0625
0 0.67109375 0.4482421875 0.0203125 0.041015625
0 0.5140625 0.4462890625 0.01875 0.037109375
0 0.453125 0.453125 0.01875 0.05078125
2 0.39296875 0.4697265625 0.0234375 0.037109375
2 0.409375 0.4619140625 0.021875 0.029296875
2 0.42265625 0.453125 0.0328125 0.03515625
2 0.5484375 0.45703125 0.03125 0.03515625
