1 0.70703125 0.658203125 0.0984375 0.2265625
1 0.5890625 0.53125 0.028125 0.1171875
1 0.475 0.537109375 0.025 0.12109375
1 0.3625 0.5625 0.025 0.15234375
1 0.0109375 0.50390625 0.025 0.0859375
2 0.26328125 0.470703125 0.0703125 0.06640625
0 0.16875 0.4462890625 0.03125 0.048828125
0 0.83359375 0.4189453125 0.0296875 0.029296875
0 0.81328125 0.4189453125 0.0203125 0.025390625
0 0.42890625 0.4541015625 0.0171875 0.056640625
0 0.30390625 0.451171875 0.0234375 0.046875
0 0.71171875 0.478515625 0.1203125 0.36328125
0 0.5875 0.4619140625 0.046875 0.208984375
0 0.4734375 0.4736328125 0.04375 0.197265625
0 0.36171875 0.48828125 0.0578125 0.23828125
1 0.17578125 0.494140625 0.0234375 0.04296875
