2 0.81953125 0.5732421875 0.2578125 0.193359375
2 0.65234375 0.5341796875 0.0796875 0.142578125
2 0.59453125 0.515625 0.0421875 0.078125
2 0.56640625 0.5146484375 0.0203125 0.072265625
2 0.55 0.521484375 0.01875 0.046875
2 0.5296875 0.50390625 0.021875 0.02734375
2 0.45234375 0.537109375 0.1421875 0.14453125
2 0.3640625 0.5068359375 0.034375 0.041015625
0 0.3109375 0.498046875 0.01875 0.0390625
2 0.26875 0.513671875 0.053125 0.0625
2 0.2078125 0.49609375 0.075 0.1015625
2 0.0875 0.5107421875 0.159375 0.123046875
