2 0.6734375 0.5322265625 0.134375 0.115234375
2 0.81875 0.478515625 0.084375 0.0703125
2 0.89921875 0.5126953125 0.1953125 0.111328125
2 0.58671875 0.4677734375 0.0796875 0.072265625
2 0.46796875 0.45703125 0.0390625 0.03515625
2 0.3421875 0.4873046875 0.059375 0.056640625
0 0.675 0.453125 0.01875 0.04296875
2 0.36953125 0.47265625 0.0296875 0.04296875
2 0.3828125 0.466796875 0.025 0.0390625
2 0.4125 0.4560546875 0.0375 0.041015625
0 0.43671875 0.45703125 0.0203125 0.05078125
0 0.50390625 0.447265625 0.0203125 0.0390625
2 0.54296875 0.4580078125 0.0359375 0.037109375
0 0.75546875 0.423828125 0.0109375 0.0234375
0 0.74765625 0.423828125 0.0078125 0.0234375
