0 0.68125 0.46875 0.040625 0.11328125
0 0.72265625 0.466796875 0.0421875 0.12109375
2 0.80703125 0.46484375 0.0515625 0.07421875
2 0.9234375 0.4453125 0.140625 0.140625
2 0.94765625 0.48828125 0.0953125 0.125
2 0.3609375 0.48828125 0.075 0.07421875
0 0.04765625 0.4697265625 0.0203125 0.029296875
0 0.06171875 0.4677734375 0.0234375 0.033203125
0 0.603125 0.458984375 0.025 0.0625
0 0.63046875 0.4482421875 0.0203125 0.056640625
2 0.4109375 0.4599609375 0.025 0.029296875
2 0.46171875 0.458984375 0.0421875 0.03125
0 0.125 0.4873046875 0.021875 0.033203125
2 0.64609375 0.4443359375 0.0203125 0.029296875
