2 0.6265625 0.498046875 0.053125 0.09375
0 0.57734375 0.46484375 0.0234375 0.0625
0 0.546875 0.46484375 0.01875 0.05078125
0 0.440625 0.4609375 0.021875 0.0546875
0 0.2890625 0.4560546875 0.021875 0.072265625
0 0.25625 0.4580078125 0.025 0.091796875
0 0.234375 0.4580078125 0.025 0.087890625
0 0.21171875 0.45703125 0.0296875 0.08984375
0 0.1875 0.4560546875 0.028125 0.083984375
0 0.15625 0.4150390625 0.028125 0.041015625
2 0.6921875 0.51171875 0.1375 0.13671875
0 0.86171875 0.458984375 0.0203125 0.0390625
0 0.5078125 0.4541015625 0.015625 0.037109375
0 0.5203125 0.455078125 0.0125 0.0390625
0 0.528125 0.455078125 0.009375 0.0390625
0 0.353125 0.4443359375 0.01875 0.041015625
1 0.05 0.525390625 0.028125 0.0546875
1 0.02109375 0.5546875 0.0328125 0.05859375
1 0.36953125 0.4755859375 0.0234375 0.029296875
