2 0.38984375 0.474609375 0.0671875 0.05859375
2 0.253125 0.47265625 0.059375 0.05078125
2 0.29375 0.4677734375 0.0375 0.048828125
2 0.30625 0.4609375 0.034375 0.046875
2 0.5125 0.4697265625 0.046875 0.044921875
1 0.01015625 0.5 0.0203125 0.03515625
0 0.03046875 0.4814453125 0.0203125 0.072265625
1 0.728125 0.490234375 0.028125 0.0390625
2 0.48828125 0.466796875 0.0203125 0.04296875
2 0.478125 0.4609375 0.021875 0.04296875
2 0.4625 0.4619140625 0.01875 0.029296875
2 0.45 0.4619140625 0.01875 0.029296875
2 0.43203125 0.4580078125 0.0203125 0.025390625
2 0.328125 0.46484375 0.0125 0.04296875
2 0.3375 0.4619140625 0.0125 0.037109375
2 0.35078125 0.458984375 0.0140625 0.03515625
1 0.05234375 0.498046875 0.0234375 0.0390625
