2 0.38984375 0.4384765625 0.1046875 0.099609375
2 0.3328125 0.421875 0.046875 0.0625
2 0.009375 0.4228515625 0.021875 0.076171875
2 0.0390625 0.42578125 0.05 0.0625
2 0.06484375 0.421875 0.0296875 0.046875
2 0.0921875 0.4228515625 0.03125 0.044921875
2 0.1015625 0.41796875 0.046875 0.0546875
2 0.58515625 0.3828125 0.0703125 0.01953125
2 0.30234375 0.4169921875 0.0296875 0.056640625
2 0.2828125 0.4130859375 0.021875 0.029296875
2 0.2671875 0.4130859375 0.028125 0.029296875
2 0.2296875 0.4072265625 0.025 0.029296875
2 0.2015625 0.4140625 0.021875 0.02734375
2 0.1796875 0.4150390625 0.021875 0.033203125
2 0.16015625 0.4140625 0.0234375 0.03515625
2 0.1421875 0.4140625 0.021875 0.03515625
2 0.13046875 0.419921875 0.0203125 0.03515625
