2 0.9359375 0.4912109375 0.121875 0.513671875
2 0.85859375 0.5390625 0.0671875 0.24609375
2 0.79296875 0.529296875 0.1046875 0.15234375
2 0.7609375 0.48828125 0.1375 0.17578125
0 0.6609375 0.5048828125 0.025 0.158203125
2 0.62734375 0.515625 0.0453125 0.1015625
2 0.56875 0.494140625 0.075 0.08203125
2 0.4796875 0.4853515625 0.103125 0.173828125
0 0.42109375 0.501953125 0.0671875 0.20703125
1 0.42734375 0.59765625 0.0296875 0.10546875
0 0.36171875 0.4716796875 0.0296875 0.076171875
1 0.359375 0.5078125 0.01875 0.05078125
2 0.31875 0.482421875 0.05 0.078125
2 0.259375 0.4853515625 0.096875 0.111328125
2 0.11953125 0.494140625 0.2421875 0.2109375
2 0.1546875 0.4326171875 0.078125 0.037109375
2 0.040625 0.525390625 0.075 0.20703125
2 0.24453125 0.5166015625 0.0328125 0.083984375
