2 0.91015625 0.5380859375 0.1703125 0.158203125
2 0.8234375 0.478515625 0.071875 0.0703125
2 0.71171875 0.46484375 0.0515625 0.0390625
2 0.675 0.4677734375 0.01875 0.041015625
2 0.6453125 0.48046875 0.04375 0.04296875
2 0.609375 0.4755859375 0.028125 0.044921875
2 0.584375 0.478515625 0.028125 0.0390625
2 0.56015625 0.4814453125 0.0265625 0.041015625
0 0.4390625 0.4677734375 0.028125 0.044921875
1 0.43984375 0.5078125 0.0171875 0.03515625
0 0.39921875 0.478515625 0.0171875 0.06640625
0 0.0234375 0.4873046875 0.03125 0.115234375
2 0.9765625 0.578125 0.040625 0.140625
