0 0.01015625 0.509765625 0.0203125 0.08203125
0 0.028125 0.5078125 0.028125 0.0703125
0 0.6140625 0.466796875 0.025 0.07421875
0 0.7984375 0.4736328125 0.0375 0.154296875
0 0.77109375 0.484375 0.0484375 0.1640625
0 0.73671875 0.466796875 0.0328125 0.13671875
2 0.41171875 0.4658203125 0.0515625 0.037109375
2 0.4953125 0.51171875 0.14375 0.12109375
2 0.92265625 0.447265625 0.1453125 0.14453125
2 0.9484375 0.48828125 0.09375 0.1171875
0 0.125 0.4853515625 0.025 0.033203125
2 0.64140625 0.447265625 0.0234375 0.02734375
0 0.66171875 0.431640625 0.0203125 0.0390625
0 0.5984375 0.4541015625 0.021875 0.052734375
0 0.57890625 0.4560546875 0.0203125 0.044921875
