2 0.35078125 0.439453125 0.0234375 0.03515625
2 0.33359375 0.4462890625 0.0203125 0.037109375
2 0.3140625 0.4501953125 0.025 0.041015625
2 0.29765625 0.451171875 0.0234375 0.04296875
2 0.27890625 0.458984375 0.0234375 0.0390625
2 0.25078125 0.458984375 0.0359375 0.04296875
2 0.19609375 0.4609375 0.0890625 0.09765625
2 0.13828125 0.482421875 0.0828125 0.07421875
2 0.06328125 0.4931640625 0.1296875 0.107421875
2 0.48828125 0.4453125 0.0109375 0.02734375
2 0.56484375 0.453125 0.0546875 0.0625
2 0.53046875 0.455078125 0.0296875 0.05859375
2 0.584375 0.46484375 0.065625 0.0625
2 0.4625 0.435546875 0.021875 0.01953125
2 0.5125 0.4453125 0.040625 0.05078125
