2 0.07734375 0.599609375 0.1578125 0.203125
2 0.1515625 0.533203125 0.14375 0.14453125
2 0.23671875 0.5126953125 0.0609375 0.091796875
2 0.26640625 0.4599609375 0.0859375 0.064453125
2 0.334375 0.4677734375 0.059375 0.060546875
2 0.37265625 0.4541015625 0.0359375 0.037109375
2 0.4890625 0.4287109375 0.03125 0.029296875
2 0.728125 0.4609375 0.078125 0.06640625
2 0.78984375 0.484375 0.1421875 0.0859375
2 0.9046875 0.5224609375 0.18125 0.119140625
2 0.03359375 0.4755859375 0.0703125 0.060546875
2 0.89140625 0.4423828125 0.0609375 0.041015625
2 0.59375 0.44140625 0.025 0.03515625
0 0.521875 0.447265625 0.021875 0.0546875
