1 0.4015625 0.560546875 0.071875 0.1328125
1 0.328125 0.57421875 0.05 0.0859375
1 0.61171875 0.576171875 0.0765625 0.1015625
1 0.7140625 0.5751953125 0.090625 0.115234375
0 0.66484375 0.5009765625 0.0796875 0.216796875
0 0.36328125 0.50390625 0.0703125 0.203125
2 0.55390625 0.478515625 0.0765625 0.08203125
2 0.31171875 0.474609375 0.0484375 0.06640625
2 0.253125 0.494140625 0.121875 0.09765625
2 0.16953125 0.4814453125 0.0828125 0.087890625
2 0.03828125 0.5 0.0765625 0.12109375
2 0.51015625 0.482421875 0.0234375 0.05078125
2 0.4953125 0.474609375 0.025 0.04296875
