2 0.83046875 0.474609375 0.0296875 0.05859375
2 0.809375 0.4638671875 0.059375 0.064453125
2 0.9234375 0.4443359375 0.140625 0.138671875
2 0.9484375 0.484375 0.096875 0.12109375
0 0.68203125 0.46484375 0.0296875 0.1171875
0 0.62578125 0.46484375 0.0203125 0.0859375
0 0.60078125 0.458984375 0.0265625 0.09375
0 0.21953125 0.486328125 0.0296875 0.078125
0 0.19453125 0.49609375 0.0265625 0.06640625
0 0.16796875 0.48046875 0.0203125 0.046875
0 0.37578125 0.4599609375 0.0140625 0.025390625
0 0.40546875 0.4599609375 0.0140625 0.025390625
0 0.12578125 0.4853515625 0.0203125 0.029296875
2 0.7296875 0.46484375 0.034375 0.0625
