0 0.85390625 0.6572265625 0.0953125 0.244140625
0 0.6078125 0.4921875 0.028125 0.1015625
0 0.5421875 0.4921875 0.034375 0.10546875
2 0.91796875 0.623046875 0.1578125 0.2578125
2 0.78671875 0.5400390625 0.1078125 0.095703125
2 0.7375 0.51953125 0.09375 0.07421875
2 0.7 0.5009765625 0.053125 0.068359375
2 0.440625 0.4853515625 0.04375 0.064453125
2 0.4140625 0.5 0.0375 0.0859375
2 0.34140625 0.5244140625 0.1453125 0.158203125
2 0.246875 0.58203125 0.165625 0.17578125
2 0.10703125 0.677734375 0.2171875 0.296875
2 0.46484375 0.4765625 0.0265625 0.046875
0 0.4671875 0.447265625 0.01875 0.03515625
0 0.52109375 0.4501953125 0.0203125 0.033203125
2 0.496875 0.453125 0.03125 0.03515625
2 0.6890625 0.498046875 0.065625 0.0625
2 0.6703125 0.48828125 0.053125 0.0625
1 0.5375 0.525390625 0.01875 0.05859375
