2 0.77734375 0.419921875 0.0671875 0.078125
2 0.89296875 0.43359375 0.1984375 0.11328125
0 0.021875 0.4423828125 0.04375 0.134765625
2 0.0625 0.4169921875 0.128125 0.095703125
0 0.0875 0.455078125 0.040625 0.11328125
0 0.146875 0.4365234375 0.034375 0.044921875
0 0.1734375 0.427734375 0.025 0.04296875
0 0.2109375 0.4423828125 0.046875 0.123046875
0 0.2609375 0.4404296875 0.05 0.095703125
1 0.26796875 0.4638671875 0.0578125 0.044921875
1 0.028125 0.4931640625 0.05625 0.056640625
0 0.36171875 0.423828125 0.0296875 0.0390625
0 0.40625 0.423828125 0.034375 0.0703125
1 0.3625 0.4580078125 0.03125 0.041015625
