0 0.81484375 0.515625 0.0359375 0.16796875
0 0.73125 0.521484375 0.040625 0.1796875
0 0.28984375 0.4736328125 0.0359375 0.103515625
0 0.25 0.4775390625 0.040625 0.095703125
1 0.2921875 0.5048828125 0.028125 0.064453125
1 0.2515625 0.5087890625 0.03125 0.060546875
2 0.0265625 0.5361328125 0.046875 0.126953125
2 0.06796875 0.5107421875 0.1265625 0.130859375
2 0.1921875 0.490234375 0.090625 0.0859375
2 0.315625 0.4697265625 0.028125 0.056640625
2 0.32890625 0.4609375 0.0296875 0.05078125
2 0.3484375 0.4619140625 0.021875 0.037109375
2 0.3578125 0.458984375 0.01875 0.03515625
2 0.3734375 0.458984375 0.025 0.03125
0 0.38515625 0.4560546875 0.0171875 0.044921875
0 0.4 0.455078125 0.0125 0.03515625
2 0.4359375 0.453125 0.025 0.02734375
2 0.58046875 0.455078125 0.0265625 0.04296875
2 0.6 0.455078125 0.0375 0.0546875
2 0.5640625 0.4541015625 0.025 0.037109375
2 0.609375 0.48828125 0.028125 0.0546875
2 0.675 0.478515625 0.053125 0.0859375
2 0.77265625 0.4951171875 0.0734375 0.095703125
2 0.85078125 0.49609375 0.0578125 0.10546875
2 0.921875 0.5380859375 0.134375 0.248046875
0 0.4828125 0.453125 0.015625 0.03125
0 0.46875 0.4521484375 0.0125 0.037109375
