2 0.23984375 0.5361328125 0.1546875 0.126953125
0 0.2296875 0.4609375 0.03125 0.04296875
0 0.3578125 0.4755859375 0.075 0.076171875
2 0.4109375 0.4404296875 0.025 0.029296875
2 0.45546875 0.4384765625 0.0234375 0.025390625
2 0.57109375 0.466796875 0.0328125 0.0390625
2 0.55546875 0.45703125 0.0296875 0.02734375
2 0.54140625 0.453125 0.0234375 0.0234375
2 0.9 0.708984375 0.19375 0.296875
2 0.80625 0.59375 0.209375 0.19921875
2 0.74609375 0.51953125 0.1765625 0.15234375
2 0.66640625 0.5078125 0.0796875 0.109375
2 0.634375 0.4990234375 0.04375 0.087890625
2 0.61171875 0.490234375 0.0359375 0.0703125
2 0.59375 0.4814453125 0.034375 0.044921875
2 0.1171875 0.4921875 0.146875 0.10546875
2 0.28515625 0.4638671875 0.0359375 0.056640625
