0 0.671875 0.5234375 0.04375 0.1171875
2 0.07265625 0.5205078125 0.1453125 0.115234375
2 0.175 0.5029296875 0.090625 0.076171875
2 0.23125 0.4912109375 0.075 0.064453125
2 0.28359375 0.48828125 0.0515625 0.05859375
2 0.36875 0.478515625 0.03125 0.0390625
2 0.43125 0.4736328125 0.040625 0.033203125
2 0.3171875 0.4873046875 0.034375 0.052734375
1 0.66875 0.57421875 0.028125 0.0859375
2 0.340625 0.4794921875 0.040625 0.056640625
2 0.4546875 0.470703125 0.025 0.0234375
2 0.48125 0.4677734375 0.025 0.025390625
