2 0.18828125 0.482421875 0.0953125 0.07421875
2 0.27265625 0.4716796875 0.0578125 0.048828125
2 0.33984375 0.4658203125 0.0296875 0.029296875
2 0.35625 0.4609375 0.025 0.03125
1 0.71484375 0.509765625 0.0703125 0.13671875
1 0.784375 0.5107421875 0.071875 0.119140625
1 0.8671875 0.54296875 0.084375 0.1640625
1 0.9609375 0.53515625 0.071875 0.18359375
1 0.60546875 0.4921875 0.0328125 0.0703125
1 0.0125 0.59375 0.028125 0.10546875
0 0.48984375 0.4609375 0.0109375 0.04296875
0 0.46875 0.458984375 0.0125 0.0390625
0 0.37890625 0.4658203125 0.0140625 0.048828125
0 0.1140625 0.4794921875 0.01875 0.076171875
2 0.32578125 0.47265625 0.0234375 0.03515625
2 0.3109375 0.4736328125 0.021875 0.044921875
1 0.071875 0.4990234375 0.04375 0.095703125
1 0.04296875 0.4990234375 0.0265625 0.095703125
1 0.6421875 0.4931640625 0.034375 0.072265625
0 0.01640625 0.474609375 0.0359375 0.12890625
