2 0.7875 0.4501953125 0.028125 0.025390625
2 0.70625 0.4541015625 0.065625 0.037109375
2 0.61484375 0.458984375 0.0296875 0.03515625
2 0.56015625 0.4580078125 0.0765625 0.056640625
0 0.3796875 0.4609375 0.034375 0.109375
2 0.315625 0.4443359375 0.05 0.029296875
2 0.3015625 0.4482421875 0.046875 0.029296875
2 0.23515625 0.4423828125 0.0671875 0.025390625
2 0.2015625 0.44921875 0.05625 0.02734375
2 0.0671875 0.435546875 0.021875 0.0234375
2 0.0171875 0.4267578125 0.034375 0.025390625
2 0.6421875 0.455078125 0.03125 0.046875
