2 0.83984375 0.6357421875 0.3015625 0.294921875
2 0.74453125 0.5576171875 0.2171875 0.212890625
2 0.63984375 0.5087890625 0.0796875 0.115234375
2 0.43515625 0.4716796875 0.0703125 0.041015625
2 0.28828125 0.5205078125 0.0703125 0.072265625
2 0.23984375 0.5400390625 0.0703125 0.099609375
2 0.13046875 0.564453125 0.1796875 0.15625
2 0.06328125 0.6279296875 0.1265625 0.177734375
0 0.05546875 0.5029296875 0.0296875 0.068359375
2 0.48984375 0.4599609375 0.0328125 0.033203125
2 0.5078125 0.458984375 0.021875 0.02734375
2 0.53828125 0.4521484375 0.0265625 0.029296875
0 0.58515625 0.466796875 0.0234375 0.0390625
2 0.93203125 0.490234375 0.1109375 0.1015625
0 0.16796875 0.455078125 0.0203125 0.046875
0 0.18828125 0.451171875 0.0203125 0.0234375
0 0.203125 0.451171875 0.021875 0.02734375
