2 0.0375 0.6123046875 0.078125 0.162109375
2 0.1953125 0.4677734375 0.109375 0.056640625
2 0.27578125 0.49609375 0.0859375 0.0859375
2 0.33984375 0.4677734375 0.0578125 0.052734375
2 0.665625 0.4638671875 0.075 0.060546875
2 0.49140625 0.43359375 0.0328125 0.03515625
2 0.7875 0.482421875 0.0375 0.0703125
2 0.88046875 0.4892578125 0.1734375 0.111328125
2 0.9296875 0.521484375 0.13125 0.13671875
2 0.61953125 0.44921875 0.0296875 0.0390625
2 0.409375 0.4306640625 0.021875 0.033203125
2 0.39453125 0.4404296875 0.0265625 0.033203125
2 0.58828125 0.4443359375 0.0203125 0.033203125
1 0.5171875 0.474609375 0.0125 0.02734375
0 0.515625 0.453125 0.015625 0.05078125
0 0.4359375 0.431640625 0.015625 0.0390625
