0 0.52890625 0.4609375 0.0203125 0.05078125
0 0.453125 0.4560546875 0.021875 0.041015625
2 0.575 0.4658203125 0.053125 0.052734375
2 0.68671875 0.5107421875 0.1234375 0.130859375
2 0.75078125 0.55078125 0.1796875 0.17578125
2 0.84921875 0.619140625 0.2921875 0.26171875
2 0.93671875 0.697265625 0.1140625 0.41796875
2 0.41875 0.4658203125 0.0375 0.041015625
2 0.33828125 0.4638671875 0.0421875 0.044921875
2 0.2234375 0.51171875 0.103125 0.12109375
2 0.10546875 0.5302734375 0.2078125 0.166015625
2 0.35625 0.4541015625 0.034375 0.041015625
2 0.2765625 0.458984375 0.04375 0.0546875
2 0.38671875 0.4677734375 0.0515625 0.052734375
