1 0.3015625 0.6083984375 0.14375 0.087890625
0 0.31015625 0.53125 0.0578125 0.16015625
2 0.06875 0.4189453125 0.134375 0.029296875
2 0.20234375 0.44140625 0.1203125 0.1015625
2 0.45546875 0.4443359375 0.0609375 0.056640625
2 0.4921875 0.4365234375 0.0375 0.041015625
2 0.5140625 0.4345703125 0.034375 0.041015625
2 0.71015625 0.4443359375 0.0609375 0.064453125
2 0.96171875 0.462890625 0.0671875 0.11328125
2 0.878125 0.462890625 0.059375 0.10546875
2 0.8359375 0.4580078125 0.065625 0.072265625
2 0.55859375 0.4296875 0.0421875 0.046875
2 0.5875 0.4189453125 0.03125 0.037109375
2 0.60625 0.4189453125 0.021875 0.029296875
