2 0.93984375 0.400390625 0.1046875 0.08203125
2 0.86796875 0.3984375 0.0265625 0.0703125
2 0.85234375 0.55859375 0.2859375 0.2578125
2 0.5921875 0.44921875 0.1 0.109375
2 0.48515625 0.3583984375 0.0234375 0.029296875
2 0.4734375 0.34765625 0.01875 0.0234375
2 0.43515625 0.337890625 0.0140625 0.01953125
2 0.42109375 0.33984375 0.0203125 0.0234375
2 0.403125 0.3466796875 0.025 0.025390625
2 0.38984375 0.357421875 0.0265625 0.03125
0 0.4140625 0.380859375 0.0125 0.0390625
2 0.46796875 0.4140625 0.0609375 0.0703125
2 0.3171875 0.408203125 0.071875 0.06640625
2 0.24765625 0.44921875 0.0984375 0.08984375
2 0.09140625 0.529296875 0.1859375 0.1875
