0 0.98046875 0.509765625 0.0296875 0.1640625
0 0.94296875 0.5146484375 0.0296875 0.154296875
0 0.90234375 0.5146484375 0.0328125 0.150390625
0 0.871875 0.48828125 0.021875 0.09765625
0 0.82890625 0.4814453125 0.0234375 0.083984375
0 0.79765625 0.478515625 0.0203125 0.0859375
0 0.765625 0.470703125 0.01875 0.06640625
0 0.75078125 0.4775390625 0.0140625 0.048828125
1 0.75078125 0.5244140625 0.0296875 0.041015625
0 0.68984375 0.4599609375 0.0203125 0.052734375
0 0.65703125 0.453125 0.0171875 0.046875
0 0.64453125 0.4521484375 0.0109375 0.041015625
0 0.62890625 0.455078125 0.0109375 0.0390625
2 0.4546875 0.4697265625 0.0625 0.064453125
2 0.23359375 0.4541015625 0.0609375 0.052734375
