2 0.3984375 0.47265625 0.059375 0.0546875
2 0.53515625 0.484375 0.0890625 0.08984375
2 0.48984375 0.4736328125 0.0359375 0.068359375
2 0.46953125 0.47265625 0.0296875 0.0546875
0 0.6265625 0.4677734375 0.021875 0.060546875
0 0.65234375 0.4658203125 0.0171875 0.068359375
2 0.98125 0.4716796875 0.03125 0.111328125
1 0.08203125 0.49609375 0.0203125 0.04296875
2 0.93046875 0.4794921875 0.0359375 0.091796875
0 0.2921875 0.45703125 0.01875 0.0390625
0 0.278125 0.45703125 0.0125 0.0390625
0 0.2171875 0.4501953125 0.025 0.037109375
0 0.146875 0.44921875 0.021875 0.0390625
0 0.01484375 0.44921875 0.0265625 0.04296875
1 0.2578125 0.46875 0.021875 0.046875
1 0.20703125 0.4736328125 0.0328125 0.044921875
1 0.1765625 0.48046875 0.021875 0.05078125
1 0.159375 0.48828125 0.021875 0.05078125
1 0.146875 0.494140625 0.01875 0.046875
1 0.12578125 0.4970703125 0.0265625 0.060546875
1 0.103125 0.498046875 0.025 0.06640625
1 0.06328125 0.494140625 0.0265625 0.0546875
1 0.02578125 0.5205078125 0.0515625 0.072265625
1 0.2921875 0.4853515625 0.015625 0.029296875
