2 0.084375 0.568359375 0.165625 0.1796875
2 0.2484375 0.537109375 0.034375 0.1171875
2 0.1734375 0.505859375 0.034375 0.06640625
2 0.32734375 0.484375 0.0609375 0.05859375
2 0.3734375 0.470703125 0.046875 0.046875
2 0.74765625 0.5791015625 0.1984375 0.193359375
2 0.8515625 0.6787109375 0.290625 0.318359375
2 0.94296875 0.8662109375 0.1046875 0.255859375
2 0.45 0.447265625 0.0375 0.03515625
0 0.59921875 0.572265625 0.0921875 0.25
0 0.4328125 0.583984375 0.0875 0.265625
0 0.20078125 0.5380859375 0.0609375 0.181640625
1 0.2046875 0.623046875 0.05625 0.14453125
1 0.440625 0.65625 0.034375 0.140625
2 0.78046875 0.4521484375 0.0984375 0.052734375
2 0.8015625 0.4609375 0.0875 0.04296875
2 0.665625 0.466796875 0.11875 0.05859375
2 0.546875 0.45703125 0.046875 0.04296875
2 0.28125 0.4755859375 0.065625 0.056640625
2 0.11171875 0.462890625 0.0671875 0.04296875
2 0.02109375 0.48046875 0.0453125 0.0546875
0 0.01015625 0.63671875 0.0234375 0.26171875
