0 0.81484375 0.4619140625 0.0296875 0.099609375
0 0.790625 0.47265625 0.01875 0.07421875
0 0.7671875 0.47265625 0.021875 0.04296875
2 0.52578125 0.4892578125 0.1421875 0.162109375
2 0.4484375 0.5380859375 0.2 0.212890625
2 0.965625 0.720703125 0.0625 0.25390625
2 0.35 0.484375 0.034375 0.03515625
2 0.28984375 0.484375 0.0234375 0.03515625
2 0.26796875 0.482421875 0.0234375 0.03125
2 0.246875 0.4912109375 0.05 0.041015625
2 0.11328125 0.4912109375 0.1484375 0.083984375
2 0.02734375 0.5380859375 0.0578125 0.134765625
0 0.31875 0.4970703125 0.059375 0.197265625
