0 0.86484375 0.4775390625 0.0296875 0.064453125
1 0.86640625 0.537109375 0.0453125 0.046875
0 0.703125 0.4892578125 0.03125 0.107421875
2 0.478125 0.515625 0.11875 0.12890625
2 0.33125 0.4853515625 0.05625 0.060546875
0 0.26640625 0.486328125 0.0109375 0.03125
0 0.24609375 0.4833984375 0.0109375 0.041015625
0 0.228125 0.486328125 0.0125 0.04296875
0 0.20546875 0.4853515625 0.0140625 0.052734375
0 0.1796875 0.48828125 0.0125 0.05078125
0 0.1640625 0.48828125 0.0125 0.0546875
0 0.146875 0.4931640625 0.0125 0.041015625
0 0.12421875 0.4892578125 0.0171875 0.044921875
