0 0.31171875 0.4833984375 0.0234375 0.087890625
0 0.3328125 0.482421875 0.021875 0.08984375
0 0.53515625 0.48046875 0.0296875 0.1015625
0 0.5703125 0.4912109375 0.0375 0.107421875
2 0.05 0.5400390625 0.1 0.169921875
2 0.103125 0.5068359375 0.15 0.158203125
2 0.20078125 0.4658203125 0.0546875 0.060546875
2 0.2453125 0.498046875 0.10625 0.08984375
2 0.2875 0.4453125 0.059375 0.02734375
2 0.35546875 0.466796875 0.0453125 0.06640625
2 0.42578125 0.4775390625 0.0859375 0.064453125
2 0.62421875 0.486328125 0.0984375 0.10546875
2 0.82265625 0.587890625 0.3328125 0.33203125
2 0.9453125 0.474609375 0.0875 0.1015625
2 0.48671875 0.462890625 0.0296875 0.0234375
