2 0.03125 0.5859375 0.065625 0.17578125
2 0.13359375 0.5380859375 0.2171875 0.185546875
2 0.2375 0.5244140625 0.11875 0.123046875
2 0.2984375 0.515625 0.059375 0.08203125
2 0.33125 0.5029296875 0.059375 0.064453125
2 0.3640625 0.49609375 0.040625 0.0546875
2 0.40859375 0.482421875 0.0578125 0.05859375
2 0.87421875 0.646484375 0.2453125 0.3125
2 0.7578125 0.564453125 0.153125 0.171875
2 0.684375 0.5341796875 0.084375 0.115234375
2 0.63984375 0.49609375 0.0734375 0.09765625
2 0.48359375 0.447265625 0.0328125 0.0234375
2 0.5890625 0.474609375 0.03125 0.03125
