0 0.88359375 0.5087890625 0.0578125 0.197265625
0 0.759375 0.4296875 0.01875 0.046875
2 0.49140625 0.5048828125 0.1140625 0.123046875
0 0.32421875 0.474609375 0.0109375 0.0234375
0 0.31171875 0.4755859375 0.0078125 0.025390625
0 0.3046875 0.4775390625 0.009375 0.025390625
0 0.2859375 0.47265625 0.009375 0.03515625
0 0.27265625 0.4755859375 0.0109375 0.029296875
0 0.26328125 0.474609375 0.0109375 0.03125
0 0.25546875 0.4765625 0.0109375 0.03515625
0 0.23828125 0.48046875 0.0109375 0.03125
0 0.22578125 0.4775390625 0.0109375 0.029296875
2 0.13984375 0.494140625 0.1484375 0.1171875
0 0.0484375 0.490234375 0.021875 0.078125
0 0.02578125 0.4931640625 0.0203125 0.072265625
0 0.00703125 0.48828125 0.0171875 0.0546875
