2 0.39453125 0.48046875 0.1046875 0.0703125
2 0.24375 0.611328125 0.4875 0.3046875
0 0.60703125 0.4619140625 0.0265625 0.099609375
0 0.67265625 0.458984375 0.0328125 0.09765625
0 0.753125 0.5048828125 0.05625 0.169921875
0 0.8 0.48046875 0.053125 0.20703125
0 0.875 0.626953125 0.165625 0.53515625
0 0.98515625 0.5546875 0.0234375 0.20703125
2 0.95 0.41015625 0.09375 0.07421875
0 0.55625 0.4609375 0.021875 0.0546875
0 0.64453125 0.4599609375 0.0234375 0.091796875
0 0.63125 0.45703125 0.025 0.08984375
