0 0.08671875 0.41796875 0.0234375 0.078125
0 0.121875 0.4169921875 0.028125 0.083984375
2 0.1703125 0.4169921875 0.096875 0.095703125
2 0.24375 0.4384765625 0.09375 0.095703125
2 0.47734375 0.419921875 0.0703125 0.05859375
2 0.6578125 0.44140625 0.08125 0.0859375
0 0.91484375 0.4111328125 0.0359375 0.099609375
0 0.96875 0.4091796875 0.046875 0.126953125
2 0.23828125 0.3857421875 0.0359375 0.033203125
2 0.7765625 0.39453125 0.065625 0.0546875
0 0.725 0.3779296875 0.021875 0.041015625
0 0.696875 0.3779296875 0.021875 0.041015625
2 0.8515625 0.3994140625 0.059375 0.060546875
2 0.28203125 0.39453125 0.0296875 0.046875
2 0.453125 0.4033203125 0.053125 0.052734375
2 0.4265625 0.3984375 0.028125 0.0390625
2 0.365625 0.38671875 0.01875 0.0234375
2 0.3015625 0.3955078125 0.021875 0.033203125
2 0.74765625 0.419921875 0.0953125 0.05078125
