0 0.90078125 0.478515625 0.0234375 0.08203125
0 0.86953125 0.46875 0.0234375 0.09375
0 0.840625 0.470703125 0.028125 0.09765625
0 0.7234375 0.4501953125 0.015625 0.029296875
0 0.72421875 0.4931640625 0.0203125 0.052734375
0 0.7015625 0.458984375 0.01875 0.05078125
0 0.67578125 0.4677734375 0.0203125 0.064453125
0 0.65390625 0.4541015625 0.0203125 0.056640625
0 0.61328125 0.458984375 0.0109375 0.03125
0 0.60234375 0.4599609375 0.0140625 0.037109375
2 0.53984375 0.45703125 0.0234375 0.01953125
2 0.446875 0.474609375 0.0625 0.0625
