0 0.5953125 0.48046875 0.025 0.08984375
2 0.24765625 0.5087890625 0.1234375 0.107421875
2 0.31953125 0.48046875 0.0796875 0.1015625
2 0.3828125 0.48046875 0.053125 0.05859375
2 0.4078125 0.4677734375 0.040625 0.052734375
2 0.46953125 0.45703125 0.0328125 0.03125
2 0.68671875 0.521484375 0.1234375 0.11328125
2 0.775 0.5625 0.184375 0.1796875
2 0.8953125 0.466796875 0.1125 0.046875
2 0.8828125 0.6552734375 0.225 0.341796875
2 0.0203125 0.5654296875 0.040625 0.189453125
0 0.696875 0.4560546875 0.01875 0.025390625
0 0.68203125 0.453125 0.0171875 0.01953125
2 0.803125 0.4560546875 0.05625 0.033203125
2 0.43359375 0.46875 0.0203125 0.04296875
2 0.440625 0.4609375 0.021875 0.04296875
2 0.5765625 0.4609375 0.025 0.03125
2 0.10625 0.5283203125 0.215625 0.197265625
2 0.640625 0.498046875 0.040625 0.07421875
