0 0.365625 0.45703125 0.01875 0.0546875
2 0.5375 0.458984375 0.03125 0.0390625
2 0.61875 0.482421875 0.065625 0.05859375
2 0.671875 0.509765625 0.078125 0.09375
2 0.7265625 0.5322265625 0.1125 0.134765625
2 0.82265625 0.55859375 0.1828125 0.19921875
2 0.9046875 0.6318359375 0.184375 0.404296875
2 0.234375 0.4599609375 0.115625 0.056640625
2 0.12421875 0.439453125 0.1015625 0.0703125
2 0.58203125 0.4677734375 0.0359375 0.044921875
2 0.38828125 0.4560546875 0.0296875 0.041015625
2 0.1078125 0.45703125 0.06875 0.06640625
2 0.04296875 0.447265625 0.0734375 0.0859375
2 0.47890625 0.4541015625 0.0265625 0.025390625
2 0.325 0.451171875 0.025 0.04296875
2 0.25546875 0.4462890625 0.0828125 0.060546875
3 0.35546875 0.47265625 0.0109375 0.01953125
