0 0.990625 0.478515625 0.0125 0.1484375
0 0.971875 0.470703125 0.028125 0.171875
0 0.94296875 0.4853515625 0.0609375 0.228515625
0 0.91640625 0.4755859375 0.0296875 0.107421875
2 0.7046875 0.5107421875 0.19375 0.181640625
0 0.59453125 0.46484375 0.0109375 0.0390625
0 0.58515625 0.45703125 0.0109375 0.03125
0 0.565625 0.4580078125 0.009375 0.029296875
2 0.44140625 0.466796875 0.0546875 0.0625
0 0.50703125 0.4619140625 0.0109375 0.029296875
2 0.40625 0.466796875 0.01875 0.0234375
2 0.38359375 0.470703125 0.0296875 0.03515625
0 0.2859375 0.466796875 0.009375 0.02734375
2 0.1609375 0.50390625 0.115625 0.1015625
2 0.02109375 0.529296875 0.0421875 0.1640625
