2 0.178125 0.5048828125 0.203125 0.146484375
2 0.3078125 0.455078125 0.05 0.0390625
2 0.81328125 0.4951171875 0.2859375 0.044921875
2 0.85078125 0.4638671875 0.1203125 0.044921875
2 0.515625 0.494140625 0.090625 0.08203125
2 0.47734375 0.474609375 0.0515625 0.0625
2 0.40078125 0.4599609375 0.0296875 0.029296875
0 0.225 0.4140625 0.025 0.0390625
0 0.2 0.41796875 0.025 0.02734375
2 0.26640625 0.4599609375 0.0359375 0.056640625
2 0.3375 0.4541015625 0.025 0.033203125
0 0.43046875 0.4599609375 0.0140625 0.037109375
0 0.375 0.455078125 0.015625 0.0390625
2 0.4625 0.458984375 0.040625 0.0546875
2 0.73203125 0.5458984375 0.1171875 0.052734375
