1 0.55078125 0.537109375 0.0421875 0.0859375
0 0.184375 0.478515625 0.028125 0.08203125
2 0.878125 0.5302734375 0.2375 0.181640625
2 0.75078125 0.5048828125 0.1328125 0.130859375
2 0.68359375 0.4921875 0.0921875 0.10546875
2 0.62109375 0.482421875 0.0734375 0.0703125
2 0.03515625 0.5224609375 0.0734375 0.138671875
2 0.1046875 0.505859375 0.1375 0.1328125
2 0.23203125 0.4853515625 0.0921875 0.076171875
2 0.27109375 0.478515625 0.0671875 0.078125
2 0.453125 0.46484375 0.05 0.02734375
2 0.3234375 0.470703125 0.040625 0.046875
0 0.55 0.4501953125 0.040625 0.087890625
2 0.525 0.4619140625 0.021875 0.044921875
2 0.50859375 0.4609375 0.0203125 0.03125
2 0.496875 0.4638671875 0.01875 0.025390625
2 0.4171875 0.462890625 0.021875 0.0234375
2 0.4015625 0.46484375 0.01875 0.02734375
2 0.38671875 0.4619140625 0.0203125 0.029296875
2 0.371875 0.4638671875 0.021875 0.037109375
2 0.35234375 0.466796875 0.0265625 0.04296875
