1 0.59921875 0.5 0.0703125 0.046875
1 0.92890625 0.5732421875 0.1109375 0.076171875
0 0.92578125 0.5205078125 0.0546875 0.162109375
0 0.3328125 0.4921875 0.0375 0.10546875
2 0.08828125 0.58984375 0.1796875 0.17578125
2 0.1890625 0.5361328125 0.13125 0.150390625
2 0.2859375 0.5126953125 0.084375 0.099609375
2 0.37265625 0.4599609375 0.0453125 0.044921875
2 0.54296875 0.470703125 0.0453125 0.05078125
2 0.5640625 0.4853515625 0.053125 0.056640625
2 0.86953125 0.486328125 0.0515625 0.05078125
2 0.75546875 0.486328125 0.0484375 0.0625
2 0.3546875 0.478515625 0.028125 0.05078125
