2 0.95078125 0.46484375 0.0609375 0.0625
0 0.85703125 0.4609375 0.0203125 0.05859375
0 0.82578125 0.4521484375 0.0109375 0.037109375
0 0.8140625 0.4609375 0.021875 0.078125
0 0.8 0.4462890625 0.009375 0.041015625
0 0.79140625 0.4443359375 0.0140625 0.041015625
0 0.7765625 0.443359375 0.0125 0.0390625
0 0.76953125 0.4443359375 0.0078125 0.037109375
0 0.75625 0.443359375 0.0125 0.03515625
0 0.7453125 0.443359375 0.0125 0.02734375
0 0.725 0.44921875 0.015625 0.0390625
2 0.47109375 0.4931640625 0.0546875 0.064453125
2 0.53203125 0.494140625 0.0984375 0.09375
2 0.6703125 0.4560546875 0.03125 0.025390625
