2 0.140625 0.4912109375 0.275 0.251953125
2 0.29140625 0.4375 0.0453125 0.08984375
2 0.33671875 0.439453125 0.0484375 0.0546875
2 0.5546875 0.4296875 0.04375 0.04296875
2 0.503125 0.4267578125 0.040625 0.041015625
0 0.61796875 0.4306640625 0.0234375 0.052734375
2 0.64453125 0.486328125 0.0984375 0.15625
2 0.7625 0.5400390625 0.290625 0.263671875
2 0.3671875 0.43359375 0.03125 0.046875
2 0.390625 0.4306640625 0.03125 0.037109375
2 0.4171875 0.42578125 0.028125 0.03125
0 0.44609375 0.4228515625 0.0140625 0.037109375
2 0.4328125 0.421875 0.021875 0.03515625
2 0.58671875 0.4384765625 0.0359375 0.060546875
