2 0.03984375 0.4990234375 0.0796875 0.115234375
2 0.184375 0.474609375 0.078125 0.0859375
2 0.303125 0.4853515625 0.071875 0.068359375
2 0.34375 0.4716796875 0.046875 0.060546875
2 0.5703125 0.4775390625 0.04375 0.076171875
2 0.54609375 0.47265625 0.0296875 0.0625
0 0.13515625 0.494140625 0.0421875 0.12890625
0 0.24765625 0.4951171875 0.0421875 0.146484375
0 0.5234375 0.478515625 0.084375 0.21484375
0 0.7546875 0.5107421875 0.103125 0.228515625
1 0.13359375 0.5361328125 0.0359375 0.083984375
1 0.24765625 0.544921875 0.0359375 0.08203125
1 0.48671875 0.552734375 0.0765625 0.109375
1 0.56953125 0.560546875 0.0828125 0.12109375
1 0.70859375 0.5830078125 0.0828125 0.119140625
1 0.81328125 0.578125 0.0921875 0.13671875
