2 0.57109375 0.462890625 0.0578125 0.06640625
2 0.54140625 0.4560546875 0.0296875 0.037109375
2 0.478125 0.46484375 0.059375 0.0703125
2 0.421875 0.439453125 0.040625 0.03515625
0 0.9484375 0.513671875 0.04375 0.13671875
0 0.8390625 0.4755859375 0.025 0.044921875
0 0.78046875 0.4521484375 0.0265625 0.041015625
0 0.75234375 0.4892578125 0.0328125 0.119140625
0 0.34921875 0.4482421875 0.0203125 0.041015625
0 0.61953125 0.65234375 0.1078125 0.34375
0 0.6703125 0.4521484375 0.01875 0.052734375
2 0.51640625 0.4365234375 0.0234375 0.041015625
