2 0.05546875 0.421875 0.0859375 0.0859375
2 0.19453125 0.4326171875 0.0671875 0.060546875
2 0.3484375 0.435546875 0.059375 0.06640625
0 0.3875 0.4287109375 0.025 0.087890625
0 0.59765625 0.4482421875 0.0359375 0.103515625
0 0.5703125 0.447265625 0.025 0.09375
2 0.6453125 0.4462890625 0.084375 0.099609375
2 0.4265625 0.4208984375 0.03125 0.041015625
2 0.40859375 0.431640625 0.0234375 0.05078125
2 0.25859375 0.4501953125 0.1171875 0.107421875
2 0.115625 0.423828125 0.05625 0.06640625
2 0.1015625 0.400390625 0.10625 0.078125
2 0.44921875 0.42578125 0.0203125 0.03515625
2 0.45703125 0.41796875 0.0296875 0.0390625
