2 0.96640625 0.4541015625 0.0546875 0.091796875
2 0.6765625 0.4736328125 0.246875 0.119140625
2 0.509375 0.447265625 0.034375 0.03515625
2 0.4359375 0.423828125 0.028125 0.02734375
2 0.40546875 0.4375 0.0234375 0.02734375
2 0.38515625 0.443359375 0.0296875 0.03125
2 0.37265625 0.4521484375 0.0328125 0.029296875
2 0.31953125 0.4599609375 0.0734375 0.041015625
2 0.27890625 0.453125 0.0265625 0.03125
2 0.0734375 0.4560546875 0.053125 0.041015625
2 0.1484375 0.4873046875 0.13125 0.091796875
2 0.91015625 0.4619140625 0.0390625 0.072265625
