0 0.9578125 0.7529296875 0.078125 0.462890625
0 0.23671875 0.6005859375 0.0921875 0.224609375
2 0.15234375 0.5712890625 0.1421875 0.166015625
2 0.3015625 0.5234375 0.071875 0.09765625
2 0.36171875 0.4912109375 0.0765625 0.076171875
2 0.396875 0.4775390625 0.04375 0.072265625
2 0.45625 0.4638671875 0.046875 0.041015625
2 0.5953125 0.453125 0.028125 0.03125
2 0.64609375 0.5029296875 0.0421875 0.068359375
2 0.6859375 0.513671875 0.0875 0.078125
2 0.81484375 0.5869140625 0.2421875 0.224609375
1 0.23515625 0.6904296875 0.0484375 0.126953125
0 0.4828125 0.46484375 0.021875 0.046875
2 0.50234375 0.447265625 0.0234375 0.02734375
2 0.6984375 0.4384765625 0.0375 0.029296875
