2 0.3421875 0.4658203125 0.1125 0.060546875
2 0.57578125 0.4755859375 0.0609375 0.068359375
2 0.54375 0.466796875 0.0375 0.05078125
0 0.62890625 0.4677734375 0.0234375 0.087890625
0 0.61015625 0.4873046875 0.0546875 0.126953125
0 0.7109375 0.6337890625 0.184375 0.541015625
0 0.853125 0.439453125 0.021875 0.046875
0 0.98203125 0.44921875 0.0234375 0.05078125
0 0.4609375 0.4462890625 0.01875 0.041015625
0 0.06015625 0.4375 0.0234375 0.03125
0 0.03984375 0.4365234375 0.0265625 0.029296875
0 0.45 0.44921875 0.01875 0.0390625
0 0.0796875 0.4365234375 0.021875 0.033203125
2 0.5171875 0.451171875 0.025 0.02734375
