2 0.70234375 0.4453125 0.0796875 0.0625
1 0.65546875 0.4794921875 0.0359375 0.044921875
0 0.63671875 0.431640625 0.0203125 0.06640625
1 0.603125 0.4814453125 0.040625 0.044921875
2 0.6015625 0.4404296875 0.04375 0.048828125
2 0.54921875 0.435546875 0.0609375 0.0625
2 0.509375 0.4423828125 0.025 0.029296875
2 0.503125 0.4267578125 0.028125 0.041015625
2 0.478125 0.427734375 0.025 0.0390625
2 0.44140625 0.4296875 0.0296875 0.0390625
0 0.415625 0.451171875 0.028125 0.10546875
0 0.39375 0.4560546875 0.028125 0.095703125
0 0.3578125 0.4150390625 0.0125 0.025390625
0 0.346875 0.4169921875 0.0125 0.025390625
2 0.1578125 0.4423828125 0.04375 0.041015625
