0 0.96171875 0.5009765625 0.0234375 0.115234375
0 0.9375 0.47265625 0.021875 0.08203125
0 0.884375 0.49609375 0.025 0.125
0 0.85625 0.4892578125 0.028125 0.060546875
1 0.84921875 0.55078125 0.0359375 0.0625
0 0.74140625 0.4677734375 0.0203125 0.060546875
0 0.7265625 0.462890625 0.0125 0.0625
0 0.6953125 0.4619140625 0.01875 0.064453125
0 0.6765625 0.462890625 0.01875 0.05859375
0 0.65703125 0.45703125 0.0109375 0.03125
0 0.6453125 0.453125 0.0125 0.0390625
0 0.6 0.451171875 0.01875 0.05078125
2 0.459375 0.46875 0.0625 0.06640625
2 0.18046875 0.4580078125 0.0734375 0.060546875
