0 0.29140625 0.4990234375 0.0265625 0.115234375
0 0.434375 0.4912109375 0.040625 0.123046875
0 0.484375 0.482421875 0.034375 0.09765625
0 0.8578125 0.4658203125 0.025 0.056640625
0 0.94296875 0.4951171875 0.0484375 0.107421875
2 0.54140625 0.494140625 0.0921875 0.07421875
2 0.634375 0.48828125 0.096875 0.0625
2 0.7546875 0.478515625 0.1125 0.07421875
2 0.821875 0.4765625 0.034375 0.046875
0 0.66875 0.4599609375 0.021875 0.037109375
0 0.65234375 0.451171875 0.0203125 0.0234375
0 0.6015625 0.455078125 0.021875 0.03125
0 0.559375 0.4521484375 0.01875 0.025390625
0 0.87734375 0.46875 0.0234375 0.0625
0 0.903125 0.4697265625 0.01875 0.056640625
0 0.97734375 0.4697265625 0.0234375 0.060546875
0 0.63125 0.451171875 0.01875 0.0234375
1 0.478125 0.5224609375 0.03125 0.052734375
