2 0.078125 0.544921875 0.159375 0.171875
2 0.2265625 0.4638671875 0.05 0.056640625
2 0.29765625 0.470703125 0.0453125 0.0390625
2 0.4015625 0.4677734375 0.04375 0.044921875
2 0.58125 0.4736328125 0.053125 0.056640625
2 0.7796875 0.5537109375 0.234375 0.216796875
2 0.87890625 0.6806640625 0.2359375 0.388671875
0 0.5375 0.46484375 0.01875 0.05078125
0 0.5265625 0.4638671875 0.01875 0.052734375
0 0.43828125 0.462890625 0.0203125 0.046875
2 0.35703125 0.47265625 0.0546875 0.0625
2 0.12421875 0.470703125 0.1109375 0.06640625
2 0.1546875 0.458984375 0.078125 0.0625
2 0.45703125 0.4541015625 0.0203125 0.029296875
