0 0.5359375 0.458984375 0.025 0.05859375
0 0.27109375 0.4521484375 0.0203125 0.060546875
0 0.2875 0.4619140625 0.021875 0.056640625
2 0.57890625 0.64453125 0.2796875 0.30078125
0 0.89296875 0.4697265625 0.0234375 0.095703125
0 0.91953125 0.4677734375 0.0265625 0.091796875
0 0.75546875 0.4501953125 0.0203125 0.025390625
2 0.55390625 0.4462890625 0.0296875 0.033203125
2 0.51484375 0.4501953125 0.0234375 0.041015625
2 0.49375 0.43359375 0.03125 0.02734375
0 0.79765625 0.4677734375 0.0203125 0.060546875
