0 0.8328125 0.5087890625 0.028125 0.150390625
0 0.8 0.4921875 0.040625 0.18359375
0 0.459375 0.4814453125 0.015625 0.060546875
0 0.43984375 0.484375 0.0171875 0.046875
0 0.4109375 0.4765625 0.009375 0.0234375
0 0.40390625 0.4755859375 0.0109375 0.021484375
2 0.3546875 0.46484375 0.025 0.0234375
2 0.31328125 0.470703125 0.0234375 0.046875
2 0.29375 0.470703125 0.021875 0.0390625
2 0.23046875 0.478515625 0.0734375 0.0546875
2 0.17890625 0.4658203125 0.0296875 0.029296875
2 0.14765625 0.4599609375 0.0296875 0.037109375
2 0.11484375 0.4541015625 0.0265625 0.044921875
2 0.0609375 0.4482421875 0.040625 0.044921875
2 0.0328125 0.5126953125 0.06875 0.115234375
