2 0.0296875 0.587890625 0.0625 0.19140625
2 0.1234375 0.5654296875 0.2 0.166015625
2 0.296875 0.537109375 0.109375 0.0859375
2 0.3578125 0.513671875 0.0625 0.0859375
2 0.3984375 0.5166015625 0.0375 0.037109375
2 0.73203125 0.5859375 0.1609375 0.13671875
2 0.9046875 0.6552734375 0.184375 0.396484375
2 0.6484375 0.5419921875 0.06875 0.083984375
2 0.62734375 0.521484375 0.0609375 0.0859375
1 0.64921875 0.5615234375 0.0578125 0.068359375
1 0.5109375 0.5458984375 0.01875 0.064453125
1 0.590625 0.560546875 0.021875 0.05859375
0 0.5890625 0.5244140625 0.0375 0.099609375
0 0.51171875 0.5205078125 0.0359375 0.115234375
2 0.41953125 0.5048828125 0.0359375 0.044921875
2 0.440625 0.505859375 0.021875 0.03515625
2 0.45703125 0.5 0.0234375 0.03515625
2 0.56796875 0.513671875 0.0265625 0.03515625
