0 0.4140625 0.4658203125 0.021875 0.052734375
0 0.4 0.4609375 0.021875 0.0703125
0 0.46796875 0.458984375 0.0203125 0.0546875
0 0.5796875 0.4716796875 0.025 0.083984375
0 0.725 0.47265625 0.028125 0.06640625
2 0.89296875 0.740234375 0.2015625 0.4609375
2 0.82578125 0.5615234375 0.2703125 0.263671875
2 0.66953125 0.513671875 0.1015625 0.08984375
2 0.6359375 0.48828125 0.075 0.08984375
2 0.25546875 0.501953125 0.1296875 0.11328125
2 0.0421875 0.4892578125 0.084375 0.123046875
0 0.7515625 0.4609375 0.025 0.05078125
2 0.5265625 0.4521484375 0.025 0.025390625
2 0.15703125 0.47265625 0.0328125 0.0625
0 0.3875 0.4677734375 0.01875 0.064453125
1 0.47265625 0.4765625 0.0140625 0.03515625
2 0.2046875 0.466796875 0.025 0.0625
