2 0.96875 0.490234375 0.05625 0.1171875
2 0.959375 0.4052734375 0.071875 0.068359375
0 0.909375 0.5029296875 0.084375 0.298828125
0 0.83671875 0.490234375 0.0578125 0.203125
0 0.7734375 0.5048828125 0.065625 0.185546875
0 0.61015625 0.45703125 0.0265625 0.0859375
0 0.04453125 0.4951171875 0.0296875 0.087890625
0 0.021875 0.4931640625 0.03125 0.083984375
2 0.55859375 0.4619140625 0.0734375 0.068359375
2 0.4984375 0.470703125 0.03125 0.05078125
0 0.66640625 0.4404296875 0.0203125 0.052734375
0 0.6375 0.447265625 0.01875 0.04296875
0 0.6296875 0.4580078125 0.028125 0.068359375
2 0.453125 0.4599609375 0.034375 0.029296875
0 0.15546875 0.4775390625 0.0203125 0.041015625
0 0.12578125 0.4892578125 0.0203125 0.033203125
0 0.38203125 0.4580078125 0.0140625 0.025390625
0 0.3625 0.4580078125 0.0125 0.029296875
