0 0.715625 0.509765625 0.025 0.08203125
2 0.58359375 0.4892578125 0.0359375 0.033203125
2 0.05703125 0.58203125 0.1171875 0.19140625
2 0.153125 0.537109375 0.203125 0.1796875
2 0.63828125 0.5009765625 0.0484375 0.052734375
2 0.38671875 0.5126953125 0.0609375 0.060546875
2 0.42578125 0.5048828125 0.0546875 0.044921875
2 0.32734375 0.5205078125 0.1109375 0.076171875
2 0.48984375 0.4853515625 0.0359375 0.041015625
0 0.54921875 0.486328125 0.0203125 0.04296875
2 0.45390625 0.4970703125 0.0265625 0.044921875
2 0.475 0.494140625 0.025 0.03515625
2 0.9734375 0.8544921875 0.046875 0.279296875
