2 0.06328125 0.751953125 0.1234375 0.296875
2 0.0953125 0.599609375 0.184375 0.16796875
2 0.20390625 0.576171875 0.0734375 0.1171875
2 0.26953125 0.5576171875 0.0921875 0.087890625
2 0.35859375 0.5380859375 0.0453125 0.037109375
2 0.5875 0.5595703125 0.075 0.087890625
2 0.59453125 0.572265625 0.0546875 0.0859375
2 0.6453125 0.6083984375 0.115625 0.119140625
0 0.94921875 0.51953125 0.0234375 0.0703125
2 0.3953125 0.537109375 0.028125 0.03125
2 0.54765625 0.5458984375 0.0359375 0.044921875
2 0.53203125 0.5458984375 0.0234375 0.037109375
2 0.47734375 0.521484375 0.0203125 0.0234375
