0 0.67890625 0.5078125 0.0234375 0.07421875
0 0.70234375 0.5078125 0.0265625 0.0703125
0 0.73203125 0.5078125 0.0234375 0.0703125
0 0.771875 0.5146484375 0.03125 0.087890625
0 0.83203125 0.5107421875 0.0296875 0.087890625
0 0.584375 0.5146484375 0.028125 0.072265625
2 0.48828125 0.5322265625 0.1234375 0.123046875
2 0.38828125 0.4951171875 0.0453125 0.044921875
0 0.090625 0.5087890625 0.03125 0.091796875
0 0.0671875 0.484375 0.025 0.0625
0 0.0546875 0.490234375 0.01875 0.07421875
0 0.1140625 0.494140625 0.028125 0.07421875
0 0.13515625 0.4990234375 0.0203125 0.064453125
