0 0.184375 0.4697265625 0.03125 0.060546875
2 0.3390625 0.4833984375 0.084375 0.091796875
2 0.0515625 0.509765625 0.10625 0.1484375
2 0.13203125 0.5859375 0.2359375 0.1875
2 0.72578125 0.5244140625 0.1046875 0.123046875
2 0.62109375 0.486328125 0.0546875 0.05859375
2 0.746875 0.5615234375 0.115625 0.130859375
2 0.86875 0.580078125 0.25 0.265625
2 0.9171875 0.734375 0.159375 0.38671875
2 0.215625 0.4775390625 0.053125 0.076171875
2 0.11796875 0.47265625 0.0609375 0.06640625
2 0.24765625 0.4619140625 0.0296875 0.056640625
2 0.5859375 0.4677734375 0.0375 0.044921875
2 0.56328125 0.4580078125 0.0265625 0.037109375
2 0.55390625 0.44921875 0.0265625 0.03125
2 0.71015625 0.5078125 0.1265625 0.10546875
