0 0.5859375 0.5078125 0.028125 0.07421875
0 0.6640625 0.509765625 0.021875 0.0703125
0 0.6859375 0.505859375 0.025 0.0625
0 0.71484375 0.5078125 0.0234375 0.06640625
0 0.74375 0.509765625 0.028125 0.078125
0 0.7984375 0.51171875 0.021875 0.078125
2 0.49140625 0.541015625 0.1203125 0.1171875
2 0.39609375 0.4970703125 0.0359375 0.041015625
2 0.1046875 0.607421875 0.2125 0.26171875
0 0.11484375 0.46875 0.0234375 0.02734375
0 0.1390625 0.4716796875 0.01875 0.025390625
0 0.1640625 0.4775390625 0.025 0.033203125
0 0.18046875 0.4912109375 0.0203125 0.041015625
