0 0.57734375 0.46875 0.0265625 0.078125
0 0.73984375 0.4736328125 0.0234375 0.115234375
0 0.7828125 0.474609375 0.028125 0.09765625
0 0.30390625 0.4765625 0.0328125 0.0703125
0 0.2109375 0.4736328125 0.040625 0.076171875
0 0.3859375 0.44140625 0.021875 0.03515625
0 0.1671875 0.458984375 0.025 0.0546875
0 0.13828125 0.46484375 0.0265625 0.0625
0 0.68671875 0.4794921875 0.0359375 0.091796875
1 0.68203125 0.517578125 0.0796875 0.05859375
1 0.92109375 0.697265625 0.1515625 0.22265625
0 0.0765625 0.4580078125 0.01875 0.037109375
2 0.55703125 0.4609375 0.0421875 0.046875
2 0.50546875 0.439453125 0.0265625 0.02734375
0 0.0203125 0.4833984375 0.028125 0.056640625
1 0.0265625 0.5146484375 0.05625 0.037109375
2 0.534375 0.4541015625 0.021875 0.041015625
2 0.521875 0.447265625 0.021875 0.03125
