0 0.625 0.4677734375 0.025 0.083984375
0 0.81015625 0.4921875 0.0578125 0.19921875
0 0.87890625 0.482421875 0.0578125 0.18359375
2 0.94609375 0.4130859375 0.0984375 0.076171875
2 0.9484375 0.4853515625 0.096875 0.123046875
2 0.496875 0.5166015625 0.140625 0.138671875
2 0.325 0.474609375 0.0625 0.03125
0 0.12265625 0.4853515625 0.0234375 0.033203125
0 0.6015625 0.4619140625 0.01875 0.052734375
0 0.5875 0.4609375 0.01875 0.05078125
0 0.5578125 0.453125 0.01875 0.0390625
0 0.5453125 0.453125 0.0125 0.0390625
