0 0.7921875 0.48046875 0.021875 0.078125
0 0.77421875 0.484375 0.0203125 0.08203125
0 0.7578125 0.4833984375 0.01875 0.076171875
0 0.746875 0.4794921875 0.01875 0.072265625
0 0.71875 0.484375 0.021875 0.0859375
2 0.65859375 0.4775390625 0.0359375 0.033203125
2 0.6328125 0.4736328125 0.01875 0.041015625
0 0.61796875 0.47265625 0.0109375 0.0390625
0 0.60390625 0.4755859375 0.0203125 0.044921875
0 0.5890625 0.4697265625 0.01875 0.037109375
0 0.5765625 0.466796875 0.01875 0.0390625
2 0.53515625 0.478515625 0.0359375 0.0390625
2 0.5046875 0.4736328125 0.025 0.025390625
2 0.48359375 0.4697265625 0.0171875 0.017578125
2 0.46328125 0.4677734375 0.0203125 0.025390625
2 0.43828125 0.470703125 0.0234375 0.03125
2 0.3890625 0.46875 0.03125 0.03515625
2 0.36796875 0.470703125 0.0203125 0.03125
2 0.334375 0.4716796875 0.028125 0.025390625
2 0.1921875 0.4765625 0.04375 0.05078125
0 0.15859375 0.4853515625 0.0203125 0.044921875
0 0.1296875 0.4736328125 0.01875 0.041015625
0 0.06640625 0.474609375 0.0203125 0.0546875
0 0.03125 0.4833984375 0.01875 0.052734375
