0 0.58984375 0.5048828125 0.0296875 0.119140625
0 0.621875 0.51171875 0.05625 0.18359375
0 0.43203125 0.48828125 0.0265625 0.07421875
0 0.4125 0.4892578125 0.021875 0.072265625
2 0.6640625 0.5146484375 0.046875 0.087890625
2 0.70625 0.529296875 0.08125 0.125
2 0.7578125 0.5634765625 0.175 0.177734375
2 0.37421875 0.498046875 0.0484375 0.0703125
2 0.34609375 0.505859375 0.0453125 0.0703125
2 0.27578125 0.5107421875 0.0953125 0.119140625
2 0.17890625 0.53515625 0.1828125 0.140625
2 0.54375 0.4775390625 0.040625 0.033203125
2 0.44765625 0.470703125 0.0328125 0.0390625
2 0.9109375 0.5234375 0.040625 0.078125
