2 0.85390625 0.58984375 0.2859375 0.35546875
2 0.75703125 0.4755859375 0.0671875 0.076171875
2 0.52734375 0.4921875 0.1421875 0.1015625
2 0.4515625 0.46484375 0.034375 0.0390625
1 0.04609375 0.6171875 0.0921875 0.15625
0 0.2078125 0.4580078125 0.01875 0.068359375
0 0.253125 0.458984375 0.015625 0.0625
1 0.1078125 0.4921875 0.046875 0.1015625
0 0.6453125 0.4453125 0.015625 0.03515625
0 0.62578125 0.4453125 0.0140625 0.02734375
2 0.65859375 0.48046875 0.1046875 0.078125
0 0.334375 0.4560546875 0.0125 0.052734375
0 0.328125 0.45703125 0.0125 0.046875
0 0.31796875 0.455078125 0.0109375 0.05078125
1 0.18359375 0.4873046875 0.0265625 0.056640625
1 0.1515625 0.4921875 0.021875 0.0703125
1 0.13984375 0.490234375 0.0171875 0.06640625
0 0.0453125 0.4833984375 0.0875 0.267578125
