0 0.65078125 0.56640625 0.0484375 0.1875
0 0.41171875 0.474609375 0.0234375 0.078125
0 0.3953125 0.4765625 0.025 0.07421875
0 0.378125 0.4765625 0.025 0.08203125
2 0.0484375 0.494140625 0.1 0.08203125
2 0.07890625 0.609375 0.1609375 0.203125
2 0.175 0.5517578125 0.134375 0.126953125
2 0.27890625 0.513671875 0.1578125 0.08984375
2 0.29296875 0.470703125 0.0765625 0.0390625
2 0.33671875 0.4638671875 0.0578125 0.052734375
2 0.5625 0.4716796875 0.04375 0.052734375
2 0.590625 0.490234375 0.059375 0.05859375
2 0.62421875 0.5126953125 0.0546875 0.087890625
2 0.78359375 0.5751953125 0.2453125 0.216796875
2 0.9625 0.8212890625 0.065625 0.216796875
2 0.746875 0.451171875 0.065625 0.0390625
2 0.52578125 0.447265625 0.0265625 0.03515625
2 0.421875 0.447265625 0.028125 0.0234375
0 0.62109375 0.4609375 0.0140625 0.03125
0 0.61171875 0.4521484375 0.0140625 0.037109375
0 0.5984375 0.44921875 0.01875 0.0234375
