2 0.67109375 0.5166015625 0.2171875 0.173828125
0 0.47265625 0.4736328125 0.0203125 0.060546875
2 0.41640625 0.41796875 0.0171875 0.01953125
2 0.44296875 0.423828125 0.0234375 0.0234375
2 0.43984375 0.447265625 0.0203125 0.0234375
2 0.4515625 0.4599609375 0.028125 0.037109375
2 0.3671875 0.421875 0.01875 0.0234375
2 0.3625 0.4375 0.021875 0.02734375
2 0.3890625 0.4248046875 0.01875 0.025390625
2 0.353125 0.4658203125 0.040625 0.048828125
0 0.1625 0.4423828125 0.028125 0.048828125
2 0.12109375 0.498046875 0.1171875 0.1328125
2 0.03125 0.498046875 0.065625 0.19140625
