0 0.0984375 0.5126953125 0.0375 0.130859375
0 0.0671875 0.5166015625 0.040625 0.123046875
0 0.37578125 0.560546875 0.0734375 0.21484375
0 0.584375 0.5546875 0.065625 0.20703125
2 0.30390625 0.48828125 0.0765625 0.0703125
1 0.36796875 0.6201171875 0.0359375 0.107421875
2 0.44140625 0.4541015625 0.0421875 0.037109375
0 0.41328125 0.4580078125 0.0140625 0.037109375
2 0.55703125 0.46875 0.0296875 0.0703125
2 0.6109375 0.4931640625 0.05 0.095703125
2 0.540625 0.4658203125 0.028125 0.060546875
1 0.0640625 0.55859375 0.025 0.0625
