2 0.10390625 0.423828125 0.0921875 0.09765625
0 0.34296875 0.4150390625 0.0203125 0.076171875
0 0.38046875 0.4267578125 0.0296875 0.072265625
0 0.43125 0.431640625 0.046875 0.12890625
0 0.5453125 0.4736328125 0.065625 0.169921875
0 0.69453125 0.4599609375 0.0921875 0.212890625
1 0.7140625 0.5419921875 0.046875 0.138671875
1 0.67890625 0.5546875 0.0296875 0.08203125
1 0.54921875 0.541015625 0.0453125 0.10546875
1 0.4359375 0.46875 0.021875 0.078125
1 0.38203125 0.458984375 0.0203125 0.0546875
1 0.34296875 0.45703125 0.0203125 0.046875
1 0.45625 0.46875 0.021875 0.04296875
