2 0.884375 0.5126953125 0.225 0.134765625
2 0.68203125 0.455078125 0.0578125 0.0546875
2 0.17890625 0.525390625 0.1546875 0.13671875
2 0.2640625 0.5068359375 0.053125 0.083984375
2 0.28828125 0.48828125 0.0546875 0.09765625
0 0.50703125 0.447265625 0.0203125 0.046875
0 0.5375 0.443359375 0.01875 0.04296875
0 0.36953125 0.4580078125 0.0234375 0.052734375
2 0.78515625 0.4609375 0.1265625 0.0703125
2 0.696875 0.4306640625 0.10625 0.072265625
2 0.93125 0.4287109375 0.075 0.056640625
2 0.9671875 0.455078125 0.059375 0.05859375
2 0.62890625 0.443359375 0.0265625 0.03515625
2 0.3859375 0.44921875 0.021875 0.0390625
2 0.325 0.474609375 0.025 0.06640625
2 0.34375 0.474609375 0.028125 0.04296875
2 0.4015625 0.4521484375 0.021875 0.037109375
0 0.55859375 0.443359375 0.0171875 0.04296875
