0 0.56328125 0.474609375 0.0265625 0.08203125
0 0.590625 0.4677734375 0.021875 0.091796875
0 0.67265625 0.427734375 0.0203125 0.03125
2 0.64609375 0.447265625 0.0203125 0.02734375
0 0.6328125 0.4580078125 0.028125 0.083984375
2 0.7296875 0.455078125 0.034375 0.0546875
2 0.80546875 0.458984375 0.0546875 0.07421875
2 0.9203125 0.41796875 0.140625 0.0859375
2 0.92265625 0.453125 0.1296875 0.109375
2 0.9453125 0.4892578125 0.084375 0.099609375
0 0.1671875 0.4765625 0.01875 0.0390625
0 0.12578125 0.486328125 0.0203125 0.03125
2 0.33984375 0.5869140625 0.5203125 0.259765625
