0 0.5921875 0.5048828125 0.03125 0.115234375
0 0.3234375 0.4560546875 0.021875 0.064453125
2 0.21328125 0.46484375 0.0953125 0.0546875
2 0.1171875 0.4609375 0.075 0.05078125
2 0.05859375 0.4521484375 0.0671875 0.052734375
0 0.15625 0.4453125 0.025 0.05859375
0 0.52734375 0.455078125 0.0203125 0.0703125
0 0.771875 0.482421875 0.0375 0.05859375
1 0.7671875 0.5087890625 0.05 0.044921875
1 0.6546875 0.484375 0.03125 0.046875
1 0.6953125 0.484375 0.028125 0.0546875
0 0.3359375 0.4541015625 0.021875 0.064453125
