0 0.8703125 0.5498046875 0.059375 0.208984375
0 0.80703125 0.568359375 0.0671875 0.27734375
0 0.76328125 0.5546875 0.0515625 0.2578125
2 0.9328125 0.54296875 0.0875 0.109375
2 0.9265625 0.640625 0.1375 0.26171875
2 0.7203125 0.509765625 0.0625 0.11328125
2 0.6859375 0.501953125 0.046875 0.08203125
2 0.62265625 0.46484375 0.0359375 0.04296875
2 0.4890625 0.4599609375 0.0375 0.037109375
2 0.42265625 0.4716796875 0.0578125 0.076171875
2 0.41171875 0.4892578125 0.0421875 0.076171875
2 0.3546875 0.4853515625 0.08125 0.103515625
2 0.25234375 0.515625 0.1734375 0.12890625
2 0.03984375 0.5322265625 0.0828125 0.283203125
2 0.66484375 0.478515625 0.0453125 0.0625
2 0.07890625 0.4814453125 0.0984375 0.181640625
2 0.5984375 0.4560546875 0.021875 0.025390625
2 0.94296875 0.4873046875 0.0921875 0.044921875
2 0.96015625 0.4462890625 0.0703125 0.037109375
