2 0.11953125 0.595703125 0.1671875 0.140625
2 0.25390625 0.5458984375 0.0953125 0.083984375
2 0.3421875 0.509765625 0.059375 0.06640625
2 0.12578125 0.513671875 0.0796875 0.05078125
2 0.60625 0.5546875 0.10625 0.10546875
2 0.6484375 0.6005859375 0.15 0.154296875
0 0.8890625 0.619140625 0.05 0.21875
2 0.04453125 0.5380859375 0.0859375 0.083984375
2 0.28671875 0.529296875 0.0765625 0.078125
2 0.3734375 0.5107421875 0.025 0.041015625
2 0.384375 0.5048828125 0.028125 0.041015625
2 0.534375 0.5107421875 0.034375 0.041015625
2 0.5515625 0.5341796875 0.040625 0.064453125
0 0.4203125 0.49609375 0.01875 0.0390625
