0 0.184375 0.552734375 0.059375 0.16796875
0 0.43828125 0.453125 0.0203125 0.05078125
0 0.48671875 0.451171875 0.0234375 0.0625
0 0.528125 0.45703125 0.034375 0.0546875
2 0.85 0.6435546875 0.290625 0.248046875
2 0.71875 0.5625 0.15625 0.140625
2 0.68125 0.5107421875 0.11875 0.119140625
2 0.6125 0.4716796875 0.078125 0.091796875
2 0.359375 0.4697265625 0.0375 0.052734375
2 0.32578125 0.484375 0.0734375 0.06640625
2 0.24140625 0.5263671875 0.0859375 0.115234375
2 0.1140625 0.4697265625 0.10625 0.072265625
2 0.07578125 0.6015625 0.1515625 0.2890625
2 0.38203125 0.4609375 0.0265625 0.046875
2 0.38984375 0.451171875 0.0359375 0.0546875
2 0.4140625 0.44921875 0.021875 0.03515625
1 0.18203125 0.6220703125 0.0546875 0.146484375
