2 0.034375 0.654296875 0.071875 0.2265625
0 0.321875 0.5078125 0.0375 0.109375
0 0.41796875 0.6171875 0.0984375 0.27734375
1 0.42265625 0.689453125 0.0484375 0.13671875
1 0.32421875 0.5498046875 0.0328125 0.068359375
2 0.2265625 0.5341796875 0.146875 0.146484375
2 0.28203125 0.47265625 0.0578125 0.0625
2 0.8171875 0.595703125 0.2125 0.18359375
2 0.71015625 0.5498046875 0.1328125 0.107421875
2 0.67421875 0.5029296875 0.1078125 0.087890625
2 0.61796875 0.4990234375 0.0578125 0.072265625
2 0.578125 0.451171875 0.040625 0.03515625
2 0.44375 0.447265625 0.04375 0.03515625
2 0.67734375 0.4384765625 0.0328125 0.037109375
2 0.7296875 0.43359375 0.084375 0.046875
2 0.48046875 0.44140625 0.0265625 0.03515625
2 0.5046875 0.44140625 0.01875 0.0234375
2 0.3578125 0.470703125 0.05625 0.08203125
2 0.4015625 0.470703125 0.028125 0.06640625
