2 0.0296875 0.505859375 0.0625 0.1171875
2 0.0875 0.48828125 0.11875 0.125
2 0.18515625 0.486328125 0.0921875 0.08203125
2 0.23828125 0.4755859375 0.0546875 0.060546875
2 0.3953125 0.455078125 0.028125 0.02734375
2 0.41328125 0.453125 0.0234375 0.02734375
0 0.6234375 0.4853515625 0.03125 0.095703125
0 0.31015625 0.4599609375 0.0265625 0.056640625
0 0.5375 0.453125 0.015625 0.03125
2 0.48984375 0.453125 0.0203125 0.0234375
2 0.45625 0.455078125 0.01875 0.0234375
2 0.4359375 0.4541015625 0.01875 0.025390625
1 0.62265625 0.515625 0.0234375 0.06640625
1 0.31015625 0.474609375 0.0390625 0.0390625
