0 0.6625 0.4501953125 0.01875 0.044921875
0 0.83125 0.4833984375 0.0375 0.115234375
0 0.76796875 0.44921875 0.0203125 0.0390625
0 0.890625 0.4951171875 0.040625 0.126953125
0 0.378125 0.6279296875 0.084375 0.322265625
2 0.56875 0.45703125 0.0625 0.0625
2 0.48125 0.4736328125 0.071875 0.083984375
2 0.425 0.4326171875 0.034375 0.033203125
2 0.53828125 0.4560546875 0.0265625 0.044921875
0 0.35703125 0.4443359375 0.0203125 0.041015625
0 0.98984375 0.48046875 0.0140625 0.10546875
2 0.5125 0.4365234375 0.025 0.044921875
0 0.15703125 0.46875 0.0203125 0.0859375
