0 0.50078125 0.466796875 0.0203125 0.06640625
0 0.484375 0.4677734375 0.028125 0.068359375
0 0.51328125 0.544921875 0.0609375 0.11328125
0 0.59453125 0.4814453125 0.0265625 0.091796875
0 0.625 0.55078125 0.0625 0.1953125
2 0.678125 0.4755859375 0.090625 0.072265625
0 0.71796875 0.494140625 0.0328125 0.1171875
1 0.75703125 0.5791015625 0.0359375 0.130859375
0 0.75703125 0.53125 0.0609375 0.1953125
0 0.79296875 0.5087890625 0.0359375 0.162109375
0 0.8453125 0.515625 0.05625 0.171875
0 0.88984375 0.52734375 0.0671875 0.22265625
0 0.95390625 0.5302734375 0.0671875 0.216796875
2 0.42109375 0.478515625 0.0671875 0.0625
0 0.2078125 0.44921875 0.0125 0.03515625
0 0.21796875 0.4482421875 0.0109375 0.029296875
0 0.3171875 0.4501953125 0.01875 0.033203125
0 0.51953125 0.462890625 0.0234375 0.0625
