2 0.84765625 0.537109375 0.2984375 0.28515625
0 0.66484375 0.462890625 0.0203125 0.0703125
0 0.6453125 0.4638671875 0.01875 0.044921875
0 0.59921875 0.4599609375 0.0203125 0.060546875
2 0.5640625 0.4697265625 0.046875 0.056640625
2 0.53125 0.462890625 0.021875 0.04296875
2 0.46796875 0.4453125 0.0203125 0.0234375
2 0.434375 0.4462890625 0.01875 0.029296875
2 0.45078125 0.458984375 0.0265625 0.03515625
2 0.396875 0.4677734375 0.034375 0.041015625
2 0.3640625 0.474609375 0.03125 0.0546875
2 0.31484375 0.48046875 0.0671875 0.08203125
0 0.1671875 0.47265625 0.01875 0.07421875
