0 0.04375 0.49609375 0.059375 0.1640625
0 0.11171875 0.48828125 0.0515625 0.16015625
0 0.159375 0.478515625 0.053125 0.1328125
0 0.23125 0.4619140625 0.0375 0.091796875
2 0.1875 0.46875 0.053125 0.0859375
2 0.54609375 0.466796875 0.0765625 0.08203125
1 0.2359375 0.5068359375 0.034375 0.056640625
2 0.02109375 0.46484375 0.0453125 0.0703125
1 0.04375 0.5439453125 0.071875 0.076171875
1 0.11484375 0.537109375 0.0359375 0.078125
1 0.1546875 0.5107421875 0.025 0.072265625
2 0.3125 0.4599609375 0.03125 0.033203125
0 0.2890625 0.46875 0.025 0.0546875
1 0.28984375 0.4921875 0.0203125 0.03515625
2 0.50703125 0.46484375 0.0203125 0.046875
2 0.5 0.4609375 0.021875 0.0390625
