0 0.65625 0.509765625 0.05 0.19140625
0 0.284375 0.5029296875 0.040625 0.154296875
0 0.25859375 0.4951171875 0.0359375 0.162109375
0 0.23203125 0.501953125 0.0421875 0.15234375
2 0.86875 0.5654296875 0.253125 0.244140625
2 0.7578125 0.5126953125 0.15625 0.177734375
2 0.565625 0.451171875 0.028125 0.02734375
2 0.4578125 0.44921875 0.03125 0.0234375
2 0.4015625 0.451171875 0.071875 0.046875
2 0.35234375 0.4873046875 0.0546875 0.087890625
2 0.321875 0.498046875 0.046875 0.10546875
2 0.6375 0.4697265625 0.03125 0.068359375
2 0.6046875 0.4580078125 0.028125 0.033203125
2 0.521875 0.44921875 0.01875 0.0234375
0 0.47734375 0.4521484375 0.0109375 0.037109375
