2 0.8109375 0.4658203125 0.0625 0.072265625
2 0.93203125 0.43359375 0.1140625 0.109375
2 0.9484375 0.490234375 0.084375 0.09375
0 0.8640625 0.4873046875 0.053125 0.240234375
0 0.66875 0.4697265625 0.028125 0.119140625
0 0.63515625 0.466796875 0.0328125 0.125
0 0.35859375 0.4921875 0.0453125 0.1328125
0 0.46328125 0.4580078125 0.0203125 0.068359375
0 0.44453125 0.46484375 0.0171875 0.05859375
2 0.72890625 0.455078125 0.0359375 0.0625
0 0.1671875 0.4775390625 0.01875 0.041015625
0 0.12578125 0.4853515625 0.0234375 0.029296875
0 0.1125 0.4892578125 0.01875 0.060546875
0 0.5734375 0.453125 0.01875 0.05859375
0 0.55 0.45703125 0.01875 0.05078125
0 0.60078125 0.453125 0.0203125 0.0546875
