2 0.14765625 0.525390625 0.1828125 0.1328125
2 0.309375 0.490234375 0.159375 0.11328125
2 0.81875 0.5927734375 0.246875 0.240234375
2 0.68046875 0.52734375 0.1203125 0.125
2 0.62421875 0.494140625 0.0578125 0.0703125
2 0.46953125 0.4599609375 0.0359375 0.033203125
0 0.50390625 0.4677734375 0.0203125 0.041015625
0 0.48359375 0.466796875 0.0203125 0.0390625
2 0.6984375 0.45703125 0.05625 0.0390625
2 0.86015625 0.4755859375 0.0859375 0.044921875
2 0.93828125 0.490234375 0.1046875 0.06640625
2 0.6078125 0.474609375 0.05625 0.06640625
0 0.42890625 0.4599609375 0.0140625 0.041015625
