0 0.4125 0.4677734375 0.025 0.072265625
0 0.43125 0.462890625 0.021875 0.07421875
0 0.57421875 0.46875 0.0171875 0.08203125
0 0.590625 0.478515625 0.0375 0.09765625
2 0.83671875 0.4794921875 0.1296875 0.107421875
2 0.903125 0.7197265625 0.18125 0.451171875
2 0.359375 0.478515625 0.0625 0.0625
2 0.30546875 0.47265625 0.0609375 0.08203125
2 0.28203125 0.5029296875 0.0671875 0.099609375
2 0.17578125 0.4970703125 0.1453125 0.123046875
2 0.1203125 0.53515625 0.15 0.1171875
2 0.49375 0.46484375 0.0625 0.0546875
2 0.625 0.4716796875 0.053125 0.076171875
2 0.54375 0.4609375 0.021875 0.02734375
2 0.70078125 0.5029296875 0.1484375 0.138671875
2 0.38203125 0.4619140625 0.0546875 0.072265625
0 0.56171875 0.4755859375 0.0203125 0.091796875
