2 0.4578125 0.47265625 0.05625 0.0546875
2 0.35 0.4462890625 0.034375 0.033203125
2 0.6953125 0.4765625 0.075 0.06640625
1 0.76015625 0.560546875 0.0296875 0.1015625
1 0.975 0.6240234375 0.04375 0.169921875
0 0.5171875 0.470703125 0.01875 0.0625
0 0.54453125 0.513671875 0.0421875 0.140625
0 0.6359375 0.5390625 0.059375 0.171875
0 0.746875 0.5224609375 0.05625 0.166015625
0 0.79296875 0.5087890625 0.0296875 0.138671875
0 0.8421875 0.5224609375 0.021875 0.158203125
0 0.86484375 0.5224609375 0.0203125 0.162109375
0 0.89453125 0.533203125 0.0515625 0.1953125
0 0.9703125 0.529296875 0.046875 0.19921875
0 0.25546875 0.4453125 0.0140625 0.03125
0 0.24609375 0.443359375 0.0140625 0.03125
