2 0.0671875 0.6162109375 0.134375 0.201171875
2 0.16015625 0.5595703125 0.1359375 0.146484375
2 0.23828125 0.525390625 0.1015625 0.09765625
2 0.290625 0.4951171875 0.096875 0.107421875
0 0.36328125 0.4755859375 0.0203125 0.068359375
0 0.44296875 0.5234375 0.0484375 0.17578125
1 0.43828125 0.5673828125 0.0203125 0.099609375
0 0.584375 0.529296875 0.059375 0.1796875
2 0.6453125 0.525390625 0.09375 0.13671875
2 0.74765625 0.56640625 0.2203125 0.23828125
2 0.89296875 0.6796875 0.1984375 0.36328125
2 0.68359375 0.439453125 0.0734375 0.03125
2 0.703125 0.447265625 0.046875 0.0234375
2 0.346875 0.4736328125 0.028125 0.044921875
2 0.3875 0.4609375 0.034375 0.03515625
2 0.4078125 0.455078125 0.028125 0.03125
0 0.4296875 0.4482421875 0.01875 0.044921875
2 0.459375 0.4423828125 0.03125 0.029296875
2 0.55 0.4638671875 0.034375 0.041015625
2 0.17890625 0.46484375 0.0609375 0.0390625
