2 0.1890625 0.48828125 0.19375 0.14453125
2 0.30703125 0.447265625 0.0421875 0.05078125
2 0.5109375 0.482421875 0.0875 0.08984375
2 0.47890625 0.462890625 0.0640625 0.07421875
2 0.859375 0.4814453125 0.159375 0.056640625
2 0.84765625 0.4541015625 0.1203125 0.052734375
2 0.40078125 0.4501953125 0.0296875 0.025390625
0 0.2296875 0.40625 0.028125 0.03515625
0 0.20390625 0.408203125 0.0234375 0.02734375
0 0.42890625 0.4482421875 0.0140625 0.029296875
2 0.3375 0.4453125 0.025 0.03125
0 0.3734375 0.4453125 0.015625 0.04296875
0 0.3546875 0.4453125 0.0125 0.0390625
2 0.4546875 0.447265625 0.03125 0.0546875
2 0.72265625 0.5087890625 0.1109375 0.107421875
