0 0.43671875 0.509765625 0.0515625 0.15234375
0 0.571875 0.5234375 0.05 0.140625
0 0.3328125 0.44921875 0.01875 0.046875
0 0.31796875 0.453125 0.0203125 0.0625
2 0.91796875 0.7265625 0.1515625 0.296875
2 0.81171875 0.6025390625 0.2609375 0.197265625
2 0.675 0.533203125 0.128125 0.1328125
2 0.28984375 0.50390625 0.0734375 0.09375
2 0.24140625 0.5283203125 0.1015625 0.123046875
2 0.18203125 0.5625 0.1546875 0.17578125
2 0.07578125 0.630859375 0.1546875 0.25390625
0 0.30546875 0.451171875 0.0203125 0.05859375
2 0.47421875 0.4541015625 0.0265625 0.033203125
0 0.3765625 0.458984375 0.01875 0.046875
2 0.3921875 0.4560546875 0.025 0.041015625
2 0.546875 0.4619140625 0.040625 0.044921875
2 0.8546875 0.470703125 0.0625 0.046875
2 0.92890625 0.478515625 0.1078125 0.06640625
1 0.4328125 0.556640625 0.028125 0.09765625
