2 0.8015625 0.5009765625 0.2625 0.201171875
0 0.62109375 0.4296875 0.0171875 0.05859375
0 0.60703125 0.4248046875 0.0140625 0.041015625
0 0.5875 0.4306640625 0.0125 0.044921875
0 0.5703125 0.4267578125 0.0125 0.041015625
0 0.56171875 0.419921875 0.0140625 0.03125
0 0.54375 0.412109375 0.0125 0.02734375
2 0.4953125 0.4072265625 0.0375 0.044921875
2 0.459375 0.4296875 0.034375 0.0390625
2 0.409375 0.4072265625 0.01875 0.021484375
2 0.33203125 0.435546875 0.0484375 0.046875
2 0.065625 0.4658203125 0.134375 0.103515625
