2 0.17578125 0.4130859375 0.0859375 0.072265625
2 0.28203125 0.4287109375 0.1203125 0.087890625
2 0.48046875 0.4267578125 0.0796875 0.072265625
0 0.5765625 0.4951171875 0.11875 0.291015625
0 0.7484375 0.5244140625 0.140625 0.306640625
0 0.840625 0.51171875 0.071875 0.29296875
0 0.6640625 0.5029296875 0.078125 0.271484375
0 0.7125 0.46875 0.0625 0.1796875
2 0.3703125 0.4052734375 0.025 0.029296875
0 0.40390625 0.4052734375 0.0109375 0.029296875
2 0.4515625 0.4140625 0.046875 0.05859375
0 0.25625 0.3740234375 0.025 0.041015625
0 0.2234375 0.404296875 0.03125 0.0859375
0 0.62265625 0.45703125 0.0328125 0.16015625
1 0.70078125 0.548828125 0.0796875 0.08203125
2 0.9234375 0.3974609375 0.109375 0.056640625
