2 0.59609375 0.4873046875 0.1171875 0.111328125
2 0.53515625 0.4775390625 0.0546875 0.083984375
2 0.5078125 0.4736328125 0.034375 0.060546875
2 0.484375 0.4677734375 0.028125 0.041015625
2 0.428125 0.4677734375 0.05 0.044921875
1 0.3671875 0.47265625 0.009375 0.02734375
0 0.7453125 0.458984375 0.03125 0.09765625
0 0.7109375 0.4658203125 0.021875 0.083984375
1 0.215625 0.4892578125 0.015625 0.052734375
0 0.3796875 0.4599609375 0.009375 0.037109375
2 0.403125 0.455078125 0.015625 0.01953125
0 0.3671875 0.4501953125 0.009375 0.025390625
0 0.33984375 0.45703125 0.0078125 0.02734375
0 0.33046875 0.458984375 0.0109375 0.0390625
0 0.29375 0.4609375 0.0125 0.046875
0 0.28515625 0.458984375 0.0078125 0.03515625
0 0.27109375 0.45703125 0.0171875 0.046875
1 0.271875 0.5048828125 0.01875 0.044921875
0 0.240625 0.451171875 0.015625 0.03515625
1 0.196875 0.4853515625 0.028125 0.068359375
1 0.18671875 0.486328125 0.0234375 0.06640625
1 0.115625 0.50390625 0.025 0.08203125
1 0.0921875 0.5 0.03125 0.078125
1 0.0453125 0.52734375 0.059375 0.0703125
1 0.0140625 0.513671875 0.03125 0.07421875
