0 0.76953125 0.470703125 0.0265625 0.09375
0 0.73359375 0.474609375 0.0234375 0.09375
0 0.70703125 0.4658203125 0.0109375 0.052734375
0 0.69296875 0.4658203125 0.0234375 0.064453125
0 0.64140625 0.4619140625 0.0234375 0.068359375
0 0.61640625 0.462890625 0.0109375 0.0390625
0 0.60546875 0.4638671875 0.0109375 0.044921875
0 0.5890625 0.462890625 0.0125 0.046875
2 0.425 0.4736328125 0.071875 0.083984375
2 0.38671875 0.4658203125 0.0203125 0.025390625
2 0.375 0.4677734375 0.01875 0.029296875
2 0.35625 0.4677734375 0.021875 0.029296875
2 0.3328125 0.4697265625 0.04375 0.044921875
0 0.2015625 0.4697265625 0.01875 0.029296875
2 0.1125 0.5224609375 0.2 0.154296875
