0 0.06640625 0.5908203125 0.0703125 0.255859375
2 0.021875 0.5986328125 0.04375 0.224609375
2 0.11015625 0.55859375 0.0609375 0.140625
2 0.175 0.5419921875 0.1125 0.115234375
2 0.31640625 0.482421875 0.0828125 0.08203125
2 0.36171875 0.466796875 0.0359375 0.046875
2 0.3859375 0.4609375 0.03125 0.04296875
2 0.92265625 0.5 0.1484375 0.11328125
2 0.7046875 0.4599609375 0.065625 0.056640625
0 0.646875 0.45703125 0.021875 0.05859375
0 0.6140625 0.4580078125 0.028125 0.060546875
2 0.54609375 0.462890625 0.0359375 0.05078125
2 0.85390625 0.451171875 0.1609375 0.1484375
0 0.52265625 0.458984375 0.0234375 0.0546875
2 0.48046875 0.4345703125 0.0234375 0.025390625
