0 0.31328125 0.4677734375 0.0203125 0.044921875
2 0.93046875 0.8505859375 0.1296875 0.287109375
2 0.8515625 0.6787109375 0.2875 0.259765625
2 0.69296875 0.5478515625 0.1515625 0.126953125
2 0.6125 0.5166015625 0.078125 0.099609375
2 0.56796875 0.4697265625 0.0453125 0.044921875
2 0.09140625 0.478515625 0.1203125 0.06640625
2 0.16171875 0.45703125 0.1359375 0.08984375
2 0.2796875 0.53515625 0.121875 0.125
2 0.49140625 0.439453125 0.0296875 0.02734375
2 0.0375 0.517578125 0.0375 0.0625
2 0.4390625 0.4521484375 0.028125 0.025390625
2 0.2578125 0.4599609375 0.059375 0.033203125
2 0.2796875 0.44921875 0.053125 0.03515625
