0 0.6796875 0.48046875 0.053125 0.140625
0 0.31875 0.4677734375 0.053125 0.146484375
0 0.19765625 0.451171875 0.0359375 0.125
0 0.1625 0.4541015625 0.0375 0.107421875
0 0.0890625 0.45703125 0.0375 0.1015625
1 0.3234375 0.513671875 0.040625 0.08984375
1 0.19453125 0.4912109375 0.0296875 0.072265625
1 0.16015625 0.490234375 0.0296875 0.06640625
1 0.096875 0.5009765625 0.040625 0.064453125
2 0.475 0.4677734375 0.090625 0.091796875
2 0.45234375 0.4423828125 0.0734375 0.083984375
2 0.39453125 0.4150390625 0.0328125 0.037109375
3 0.7421875 0.5322265625 0.04375 0.064453125
3 0.959375 0.55078125 0.0375 0.04296875
2 0.228125 0.404296875 0.04375 0.06640625
2 0.0203125 0.4150390625 0.04375 0.076171875
