2 0.0828125 0.4541015625 0.15625 0.146484375
2 0.1953125 0.453125 0.078125 0.09765625
2 0.384375 0.4677734375 0.065625 0.052734375
2 0.421875 0.4560546875 0.0375 0.037109375
2 0.459375 0.4521484375 0.046875 0.044921875
2 0.51875 0.443359375 0.028125 0.03125
2 0.61328125 0.466796875 0.0515625 0.05078125
2 0.65390625 0.48828125 0.0734375 0.0703125
2 0.684375 0.5126953125 0.075 0.103515625
2 0.759375 0.53125 0.171875 0.20703125
2 0.87265625 0.5888671875 0.2421875 0.287109375
2 0.95859375 0.732421875 0.0671875 0.328125
2 0.6453125 0.4404296875 0.028125 0.029296875
2 0.5890625 0.4599609375 0.025 0.041015625
