0 0.953125 0.5107421875 0.0625 0.181640625
0 0.3640625 0.46875 0.025 0.0703125
2 0.88515625 0.494140625 0.0859375 0.05859375
2 0.81875 0.498046875 0.1 0.05078125
2 0.7125 0.490234375 0.125 0.0625
2 0.6875 0.4697265625 0.090625 0.072265625
2 0.5953125 0.4658203125 0.0375 0.052734375
2 0.33828125 0.4521484375 0.0296875 0.037109375
2 0.28984375 0.4609375 0.0265625 0.02734375
2 0.115625 0.46484375 0.0375 0.05078125
2 0.06171875 0.46484375 0.0359375 0.0546875
2 0.1859375 0.4580078125 0.025 0.037109375
2 0.16328125 0.4541015625 0.0296875 0.037109375
2 0.90390625 0.515625 0.0546875 0.0390625
