0 0.9390625 0.453125 0.115625 0.234375
1 0.95078125 0.6689453125 0.0921875 0.197265625
2 0.559375 0.486328125 0.053125 0.04296875
2 0.53359375 0.4765625 0.0234375 0.03515625
2 0.51875 0.466796875 0.0125 0.01953125
2 0.51015625 0.4580078125 0.0109375 0.013671875
2 0.4953125 0.455078125 0.009375 0.015625
2 0.46875 0.4658203125 0.009375 0.017578125
2 0.45390625 0.470703125 0.0171875 0.01953125
2 0.43515625 0.48046875 0.0171875 0.0234375
2 0.4171875 0.482421875 0.021875 0.03125
2 0.4 0.486328125 0.025 0.0390625
2 0.3625 0.49609375 0.05625 0.046875
2 0.31953125 0.505859375 0.0421875 0.0625
2 0.2796875 0.517578125 0.05625 0.06640625
2 0.178125 0.521484375 0.153125 0.15625
