2 0.28359375 0.5 0.1046875 0.09375
2 0.34140625 0.4716796875 0.0734375 0.087890625
2 0.39453125 0.478515625 0.0484375 0.05078125
2 0.64609375 0.5078125 0.0828125 0.09765625
2 0.7015625 0.5341796875 0.1125 0.138671875
2 0.7953125 0.572265625 0.1875 0.203125
2 0.89375 0.62890625 0.20625 0.4765625
0 0.58125 0.4765625 0.025 0.0859375
2 0.08203125 0.537109375 0.1671875 0.25
2 0.1875 0.5078125 0.165625 0.1484375
2 0.84609375 0.462890625 0.1078125 0.04296875
0 0.66796875 0.4521484375 0.0140625 0.017578125
0 0.6578125 0.453125 0.0125 0.01953125
2 0.61328125 0.48828125 0.0359375 0.06640625
2 0.41171875 0.466796875 0.0421875 0.05078125
2 0.434375 0.4697265625 0.01875 0.037109375
2 0.465625 0.45703125 0.03125 0.03125
2 0.565625 0.4609375 0.01875 0.03125
