2 0.71171875 0.4912109375 0.1359375 0.115234375
2 0.66796875 0.455078125 0.0765625 0.05078125
0 0.61640625 0.47265625 0.0296875 0.08984375
1 0.6125 0.515625 0.021875 0.05078125
2 0.58828125 0.4697265625 0.0234375 0.052734375
2 0.57734375 0.4658203125 0.0234375 0.044921875
2 0.4578125 0.5009765625 0.1875 0.224609375
2 0.33515625 0.482421875 0.0640625 0.08203125
2 0.24921875 0.4921875 0.0921875 0.07421875
2 0.209375 0.4560546875 0.025 0.037109375
2 0.171875 0.4794921875 0.034375 0.056640625
2 0.0828125 0.505859375 0.16875 0.16796875
