1 0.65703125 0.552734375 0.0328125 0.0859375
1 0.60859375 0.5361328125 0.0265625 0.072265625
0 0.6609375 0.50390625 0.05 0.15234375
0 0.60546875 0.4951171875 0.0546875 0.158203125
2 0.9390625 0.6767578125 0.1125 0.255859375
2 0.85703125 0.55078125 0.2765625 0.25
2 0.7 0.5107421875 0.0625 0.099609375
2 0.57734375 0.4609375 0.0234375 0.02734375
2 0.49453125 0.4599609375 0.0234375 0.025390625
2 0.44765625 0.4619140625 0.0453125 0.052734375
2 0.43203125 0.4765625 0.0421875 0.05078125
2 0.38203125 0.4736328125 0.0671875 0.076171875
2 0.33671875 0.494140625 0.0984375 0.0859375
2 0.11953125 0.5234375 0.2421875 0.203125
