2 0.171875 0.5234375 0.2125 0.1640625
2 0.08203125 0.46484375 0.0984375 0.046875
2 0.359375 0.462890625 0.0375 0.03515625
2 0.43359375 0.4580078125 0.0359375 0.037109375
0 0.6328125 0.513671875 0.053125 0.1875
1 0.6390625 0.5673828125 0.03125 0.099609375
0 0.6671875 0.4775390625 0.021875 0.099609375
0 0.6859375 0.482421875 0.021875 0.08984375
0 0.60234375 0.4638671875 0.0140625 0.041015625
0 0.5921875 0.46484375 0.0125 0.04296875
0 0.2796875 0.4453125 0.015625 0.01953125
0 0.25625 0.4453125 0.015625 0.03515625
2 0.378125 0.4580078125 0.021875 0.029296875
2 0.496875 0.4599609375 0.05 0.029296875
