2 0.103125 0.5732421875 0.178125 0.162109375
2 0.028125 0.61328125 0.059375 0.15234375
2 0.19765625 0.541015625 0.1078125 0.1171875
2 0.309375 0.4912109375 0.084375 0.095703125
2 0.34921875 0.53125 0.1421875 0.1328125
2 0.47109375 0.443359375 0.0296875 0.03125
2 0.58828125 0.4853515625 0.0828125 0.107421875
2 0.6421875 0.53125 0.1125 0.1171875
2 0.60390625 0.513671875 0.0796875 0.09375
2 0.71015625 0.568359375 0.1484375 0.15625
2 0.77578125 0.625 0.1953125 0.21875
2 0.8671875 0.7451171875 0.253125 0.482421875
0 0.5046875 0.4541015625 0.01875 0.052734375
0 0.8375 0.4228515625 0.0125 0.029296875
0 0.8296875 0.421875 0.0125 0.02734375
0 0.81953125 0.4208984375 0.0109375 0.029296875
2 0.2546875 0.4697265625 0.046875 0.037109375
