2 0.51875 0.5732421875 0.1625 0.166015625
2 0.3171875 0.515625 0.0625 0.0625
2 0.35859375 0.5146484375 0.0265625 0.052734375
2 0.44140625 0.5126953125 0.0484375 0.052734375
0 0.8234375 0.501953125 0.025 0.06640625
0 0.8015625 0.5048828125 0.021875 0.068359375
1 0.740625 0.568359375 0.0875 0.06640625
0 0.1109375 0.521484375 0.01875 0.08984375
0 0.0953125 0.5283203125 0.01875 0.091796875
0 0.57734375 0.5078125 0.0234375 0.05078125
0 0.6609375 0.4951171875 0.01875 0.033203125
0 0.26953125 0.501953125 0.0234375 0.03125
0 0.6875 0.498046875 0.021875 0.046875
