2 0.93359375 0.6630859375 0.1265625 0.193359375
2 0.671875 0.51953125 0.171875 0.16796875
2 0.571875 0.509765625 0.05625 0.0703125
2 0.0453125 0.529296875 0.09375 0.140625
2 0.2515625 0.509765625 0.065625 0.05859375
2 0.27734375 0.5029296875 0.0484375 0.052734375
2 0.315625 0.5029296875 0.034375 0.041015625
2 0.5453125 0.505859375 0.040625 0.0546875
0 0.2109375 0.5078125 0.046875 0.234375
2 0.51875 0.498046875 0.021875 0.05078125
2 0.5015625 0.4912109375 0.021875 0.041015625
2 0.48203125 0.4873046875 0.0203125 0.029296875
2 0.46640625 0.4873046875 0.0203125 0.025390625
2 0.44921875 0.4853515625 0.0171875 0.021484375
2 0.4078125 0.4873046875 0.01875 0.025390625
2 0.3953125 0.4892578125 0.01875 0.025390625
2 0.37578125 0.48828125 0.0203125 0.02734375
2 0.359375 0.4912109375 0.01875 0.033203125
2 0.34296875 0.4921875 0.0203125 0.03515625
