2 0.146875 0.4970703125 0.140625 0.115234375
0 0.221875 0.474609375 0.025 0.1015625
2 0.25546875 0.482421875 0.0390625 0.078125
2 0.2796875 0.4755859375 0.05625 0.072265625
2 0.325 0.46875 0.04375 0.046875
2 0.3390625 0.4619140625 0.046875 0.052734375
2 0.94609375 0.5009765625 0.1015625 0.326171875
2 0.85234375 0.5224609375 0.1828125 0.173828125
2 0.7484375 0.4951171875 0.13125 0.115234375
2 0.66015625 0.4775390625 0.0921875 0.076171875
2 0.621875 0.470703125 0.053125 0.0625
1 0.47578125 0.5009765625 0.0234375 0.056640625
2 0.57265625 0.4658203125 0.0390625 0.044921875
2 0.55078125 0.4599609375 0.0234375 0.041015625
2 0.53046875 0.455078125 0.0234375 0.03515625
2 0.51640625 0.455078125 0.0203125 0.02734375
2 0.5015625 0.4541015625 0.021875 0.025390625
0 0.47109375 0.4453125 0.0265625 0.05859375
2 0.43515625 0.453125 0.0203125 0.0234375
2 0.4203125 0.455078125 0.01875 0.0234375
2 0.4015625 0.4541015625 0.021875 0.029296875
2 0.38203125 0.45703125 0.0234375 0.0390625
2 0.37109375 0.4619140625 0.0265625 0.041015625
