2 0.92578125 0.5673828125 0.1421875 0.326171875
2 0.77421875 0.5166015625 0.2453125 0.212890625
2 0.646875 0.50390625 0.103125 0.12109375
2 0.596875 0.494140625 0.071875 0.0859375
2 0.14453125 0.494140625 0.1140625 0.08984375
2 0.49453125 0.4716796875 0.0171875 0.029296875
2 0.33671875 0.4736328125 0.0234375 0.037109375
1 0.50859375 0.494140625 0.0453125 0.03125
0 0.5140625 0.46875 0.01875 0.03515625
2 0.48125 0.4697265625 0.01875 0.037109375
2 0.46796875 0.466796875 0.0203125 0.03125
2 0.45078125 0.466796875 0.0203125 0.0234375
2 0.3859375 0.46875 0.01875 0.02734375
2 0.3734375 0.4697265625 0.01875 0.025390625
2 0.353125 0.46875 0.028125 0.03515625
2 0.309375 0.4775390625 0.046875 0.041015625
