2 0.38515625 0.5048828125 0.0578125 0.052734375
2 0.44609375 0.5048828125 0.0453125 0.041015625
2 0.5390625 0.654296875 0.33125 0.3515625
0 0.93203125 0.494140625 0.0359375 0.0546875
0 0.84375 0.5029296875 0.021875 0.056640625
0 0.82890625 0.4931640625 0.0234375 0.068359375
0 0.25390625 0.505859375 0.0203125 0.05859375
0 0.0921875 0.5126953125 0.028125 0.087890625
0 0.0671875 0.4990234375 0.03125 0.068359375
0 0.65859375 0.5205078125 0.0296875 0.076171875
0 0.9625 0.498046875 0.028125 0.0390625
