0 0.8953125 0.5185546875 0.084375 0.224609375
0 0.36953125 0.4970703125 0.0734375 0.177734375
0 0.2234375 0.4931640625 0.046875 0.126953125
0 0.2046875 0.4697265625 0.05 0.126953125
2 0.1703125 0.48046875 0.05 0.08984375
0 0.13046875 0.482421875 0.0453125 0.12109375
2 0.54609375 0.4755859375 0.0765625 0.076171875
2 0.321875 0.478515625 0.040625 0.0546875
2 0.040625 0.498046875 0.084375 0.1171875
1 0.95078125 0.5849609375 0.0859375 0.134765625
1 0.8359375 0.60546875 0.08125 0.1015625
1 0.41875 0.5517578125 0.059375 0.123046875
1 0.34609375 0.564453125 0.0671875 0.07421875
1 0.21796875 0.552734375 0.0328125 0.07421875
1 0.13046875 0.5341796875 0.0453125 0.060546875
2 0.50625 0.4794921875 0.025 0.044921875
2 0.49609375 0.474609375 0.0296875 0.04296875
