2 0.05234375 0.5341796875 0.1015625 0.197265625
2 0.17265625 0.46875 0.0578125 0.05078125
2 0.26171875 0.447265625 0.0828125 0.0390625
2 0.334375 0.474609375 0.059375 0.08984375
2 0.2078125 0.5048828125 0.125 0.091796875
2 0.403125 0.482421875 0.103125 0.07421875
2 0.48984375 0.4638671875 0.0296875 0.025390625
2 0.7046875 0.4755859375 0.05 0.072265625
2 0.634375 0.4990234375 0.109375 0.123046875
0 0.27421875 0.4892578125 0.0265625 0.103515625
0 0.296875 0.484375 0.028125 0.109375
0 0.5328125 0.451171875 0.025 0.05078125
0 0.5328125 0.4912109375 0.028125 0.091796875
0 0.5671875 0.498046875 0.05 0.140625
2 0.85078125 0.66796875 0.2921875 0.51171875
