2 0.88203125 0.4619140625 0.2296875 0.310546875
2 0.740625 0.46484375 0.109375 0.15234375
2 0.67890625 0.4658203125 0.0734375 0.099609375
2 0.6390625 0.4609375 0.053125 0.078125
2 0.60703125 0.4599609375 0.0328125 0.060546875
2 0.5828125 0.455078125 0.034375 0.05078125
2 0.50625 0.4375 0.01875 0.01953125
2 0.4078125 0.4384765625 0.015625 0.017578125
2 0.378125 0.4404296875 0.028125 0.037109375
2 0.3484375 0.44921875 0.03125 0.0390625
2 0.3203125 0.4521484375 0.046875 0.044921875
2 0.265625 0.4619140625 0.084375 0.072265625
2 0.09140625 0.6005859375 0.1859375 0.447265625
