0 0.60703125 0.4677734375 0.0203125 0.060546875
0 0.6921875 0.4697265625 0.04375 0.119140625
0 0.734375 0.4697265625 0.040625 0.130859375
2 0.80546875 0.4580078125 0.0640625 0.083984375
2 0.92578125 0.44921875 0.1421875 0.14453125
2 0.95078125 0.482421875 0.0921875 0.13671875
2 0.36875 0.498046875 0.109375 0.08984375
2 0.64140625 0.4462890625 0.0234375 0.029296875
0 0.12421875 0.4853515625 0.0203125 0.033203125
0 0.05078125 0.4970703125 0.0234375 0.068359375
0 0.0296875 0.494140625 0.028125 0.08203125
2 0.4140625 0.4619140625 0.034375 0.029296875
0 0.57109375 0.4521484375 0.0265625 0.052734375
0 0.55703125 0.453125 0.0203125 0.046875
