2 0.91796875 0.5751953125 0.1578125 0.267578125
2 0.82265625 0.53515625 0.2171875 0.18359375
2 0.690625 0.501953125 0.153125 0.1484375
2 0.61875 0.486328125 0.078125 0.109375
2 0.57109375 0.4833984375 0.0578125 0.068359375
2 0.546875 0.47265625 0.05625 0.05859375
2 0.5234375 0.466796875 0.04375 0.0625
2 0.0328125 0.5185546875 0.06875 0.154296875
2 0.09609375 0.505859375 0.1078125 0.11328125
2 0.19296875 0.4921875 0.0953125 0.078125
2 0.253125 0.482421875 0.025 0.05078125
2 0.47734375 0.4599609375 0.0328125 0.029296875
2 0.271875 0.48046875 0.015625 0.046875
2 0.45859375 0.458984375 0.0203125 0.0234375
2 0.375 0.4599609375 0.0125 0.025390625
2 0.43828125 0.4599609375 0.0140625 0.017578125
2 0.3921875 0.4599609375 0.01875 0.025390625
0 0.35234375 0.45703125 0.0078125 0.03515625
2 0.3390625 0.458984375 0.01875 0.0390625
2 0.496875 0.4716796875 0.015625 0.037109375
0 0.16171875 0.453125 0.0109375 0.03515625
2 0.8234375 0.43359375 0.109375 0.0234375
2 0.2125 0.4453125 0.053125 0.01953125
