2 0.25078125 0.45703125 0.0859375 0.05859375
2 0.1515625 0.4560546875 0.059375 0.064453125
2 0.046875 0.4560546875 0.09375 0.083984375
2 0.60859375 0.4833984375 0.0546875 0.052734375
2 0.53828125 0.458984375 0.0328125 0.03125
2 0.8734375 0.5712890625 0.24375 0.279296875
2 0.75625 0.5361328125 0.109375 0.154296875
2 0.6984375 0.517578125 0.0875 0.10546875
0 0.38203125 0.45703125 0.0203125 0.0546875
3 0.37109375 0.470703125 0.0203125 0.0234375
2 0.28203125 0.451171875 0.0671875 0.0546875
2 0.1671875 0.447265625 0.071875 0.0703125
2 0.06875 0.4482421875 0.09375 0.087890625
2 0.48125 0.453125 0.025 0.0234375
2 0.603125 0.46875 0.04375 0.046875
2 0.58203125 0.4677734375 0.0234375 0.041015625
2 0.65625 0.50390625 0.06875 0.08984375
