0 0.87421875 0.5107421875 0.0328125 0.138671875
0 0.82421875 0.521484375 0.0203125 0.03515625
0 0.70625 0.4482421875 0.01875 0.037109375
2 0.59921875 0.447265625 0.0578125 0.046875
2 0.56328125 0.43359375 0.0234375 0.0390625
2 0.5328125 0.423828125 0.01875 0.03515625
2 0.515625 0.42578125 0.01875 0.02734375
2 0.4734375 0.4296875 0.015625 0.015625
2 0.5546875 0.421875 0.028125 0.05078125
2 0.453125 0.4267578125 0.025 0.029296875
2 0.42890625 0.4267578125 0.0140625 0.025390625
2 0.40546875 0.42578125 0.0328125 0.0390625
0 0.37578125 0.44140625 0.0234375 0.08984375
0 0.3546875 0.4521484375 0.028125 0.091796875
2 0.321875 0.44921875 0.0375 0.08203125
0 0.2734375 0.4716796875 0.05625 0.185546875
1 0.2703125 0.525390625 0.159375 0.125
