2 0.78125 0.4228515625 0.075 0.083984375
2 0.05625 0.42578125 0.115625 0.11328125
1 0.01328125 0.4931640625 0.0296875 0.056640625
1 0.053125 0.49609375 0.028125 0.04296875
1 0.109375 0.4853515625 0.053125 0.044921875
0 0.11640625 0.44140625 0.0328125 0.09765625
0 0.2125 0.4375 0.0375 0.07421875
0 0.29765625 0.4384765625 0.0328125 0.056640625
0 0.3671875 0.4306640625 0.034375 0.060546875
1 0.21640625 0.47265625 0.0484375 0.05078125
1 0.30078125 0.46484375 0.0421875 0.04296875
1 0.37265625 0.458984375 0.0328125 0.0390625
