0 0.7953125 0.5400390625 0.0875 0.259765625
0 0.8890625 0.572265625 0.11875 0.28515625
2 0.134375 0.5546875 0.265625 0.19921875
2 0.2859375 0.5126953125 0.15 0.169921875
2 0.3953125 0.4931640625 0.084375 0.083984375
2 0.4453125 0.4677734375 0.053125 0.060546875
2 0.71484375 0.5078125 0.0921875 0.0859375
1 0.89140625 0.693359375 0.0734375 0.1875
1 0.78984375 0.6259765625 0.0359375 0.138671875
2 0.6625 0.4873046875 0.040625 0.052734375
2 0.64296875 0.4833984375 0.0234375 0.044921875
2 0.63515625 0.4755859375 0.0265625 0.041015625
2 0.6109375 0.4677734375 0.025 0.025390625
2 0.51796875 0.4638671875 0.0234375 0.025390625
