0 0.21484375 0.51171875 0.0421875 0.12109375
0 0.3796875 0.4970703125 0.04375 0.134765625
0 0.4265625 0.4873046875 0.0375 0.107421875
1 0.43125 0.529296875 0.05 0.0546875
2 0.4921875 0.49609375 0.10625 0.07421875
2 0.5828125 0.490234375 0.10625 0.06640625
2 0.71171875 0.48046875 0.1203125 0.08203125
2 0.79296875 0.4755859375 0.0453125 0.044921875
2 0.90234375 0.4736328125 0.0546875 0.052734375
0 0.93359375 0.5009765625 0.0515625 0.126953125
0 0.81875 0.466796875 0.021875 0.05078125
0 0.6203125 0.4599609375 0.025 0.037109375
0 0.5078125 0.45703125 0.025 0.03515625
0 0.60625 0.451171875 0.01875 0.0234375
0 0.58125 0.451171875 0.01875 0.01953125
0 0.5484375 0.4560546875 0.015625 0.037109375
0 0.84609375 0.4716796875 0.0203125 0.068359375
0 0.8640625 0.470703125 0.01875 0.05078125
0 0.95390625 0.4658203125 0.0203125 0.056640625
