0 0.740625 0.509765625 0.065625 0.2578125
0 0.8453125 0.494140625 0.040625 0.2265625
2 0.9578125 0.404296875 0.078125 0.05859375
2 0.97421875 0.486328125 0.0453125 0.12109375
0 0.90703125 0.5205078125 0.0921875 0.333984375
0 0.8046875 0.51953125 0.096875 0.359375
0 0.18359375 0.4853515625 0.0203125 0.052734375
0 0.3875 0.462890625 0.021875 0.05859375
0 0.1234375 0.484375 0.025 0.03515625
0 0.109375 0.4912109375 0.03125 0.056640625
0 0.634375 0.462890625 0.03125 0.078125
0 0.575 0.4560546875 0.021875 0.044921875
0 0.590625 0.453125 0.01875 0.046875
0 0.5546875 0.4560546875 0.01875 0.044921875
