2 0.05625 0.5078125 0.1125 0.1328125
2 0.1359375 0.4990234375 0.1 0.087890625
0 0.63828125 0.49609375 0.0453125 0.109375
1 0.6421875 0.529296875 0.01875 0.07421875
0 0.4921875 0.4580078125 0.025 0.052734375
1 0.496875 0.4765625 0.046875 0.03125
0 0.52890625 0.453125 0.0109375 0.04296875
0 0.55078125 0.4560546875 0.0140625 0.037109375
2 0.384375 0.45703125 0.034375 0.03125
2 0.40078125 0.4541015625 0.0296875 0.037109375
2 0.46015625 0.4560546875 0.0234375 0.021484375
2 0.4234375 0.4560546875 0.021875 0.033203125
2 0.4359375 0.455078125 0.01875 0.02734375
