1 0.6828125 0.5322265625 0.109375 0.091796875
0 0.8171875 0.50390625 0.03125 0.08203125
1 0.27265625 0.5078125 0.0203125 0.04296875
0 0.278125 0.4775390625 0.028125 0.068359375
2 0.6390625 0.4990234375 0.103125 0.091796875
2 0.58515625 0.4873046875 0.0359375 0.064453125
2 0.56796875 0.474609375 0.0296875 0.04296875
2 0.53515625 0.451171875 0.0359375 0.04296875
2 0.465625 0.45703125 0.0375 0.05078125
2 0.390625 0.4619140625 0.046875 0.060546875
1 0.78203125 0.5556640625 0.0421875 0.099609375
1 0.0375 0.5205078125 0.078125 0.072265625
