2 0.05625 0.529296875 0.115625 0.23046875
2 0.2546875 0.4990234375 0.15 0.130859375
2 0.36484375 0.484375 0.0765625 0.0859375
2 0.65546875 0.498046875 0.0796875 0.078125
2 0.73515625 0.5419921875 0.1359375 0.146484375
2 0.8359375 0.5732421875 0.221875 0.166015625
2 0.88046875 0.7177734375 0.2234375 0.384765625
2 0.565625 0.4755859375 0.03125 0.037109375
2 0.62265625 0.4921875 0.0328125 0.05859375
2 0.60703125 0.484375 0.0265625 0.04296875
0 0.5453125 0.4765625 0.015625 0.0390625
0 0.5328125 0.478515625 0.015625 0.04296875
2 0.4078125 0.484375 0.025 0.05859375
2 0.41796875 0.4775390625 0.0234375 0.052734375
2 0.434375 0.4775390625 0.01875 0.044921875
2 0.44296875 0.4677734375 0.0203125 0.029296875
