0 0.56953125 0.64453125 0.1859375 0.6328125
0 0.40078125 0.6123046875 0.1671875 0.369140625
0 0.45 0.5380859375 0.15625 0.384765625
0 0.08671875 0.5751953125 0.1671875 0.537109375
0 0.125 0.5703125 0.165625 0.453125
2 0.84375 0.5390625 0.246875 0.109375
2 0.7109375 0.501953125 0.090625 0.078125
2 0.66484375 0.494140625 0.0546875 0.0703125
2 0.21171875 0.4921875 0.0671875 0.12109375
0 0.26796875 0.4677734375 0.0234375 0.072265625
0 0.31171875 0.4560546875 0.0234375 0.041015625
0 0.2421875 0.4609375 0.01875 0.07421875
2 0.38203125 0.462890625 0.0390625 0.05078125
2 0.02734375 0.41015625 0.0578125 0.125
