1 0.59140625 0.5283203125 0.0328125 0.103515625
1 0.50703125 0.529296875 0.0234375 0.1015625
1 0.44375 0.498046875 0.015625 0.0625
0 0.484375 0.4677734375 0.021875 0.080078125
0 0.84609375 0.431640625 0.0296875 0.0546875
1 0.86015625 0.5166015625 0.0453125 0.123046875
1 0.74140625 0.5166015625 0.0484375 0.099609375
2 0.2109375 0.498046875 0.125 0.09765625
2 0.27421875 0.4833984375 0.0578125 0.076171875
2 0.3 0.474609375 0.040625 0.05859375
1 0.703125 0.5048828125 0.034375 0.091796875
2 0.465625 0.4619140625 0.01875 0.029296875
1 0.8046875 0.5048828125 0.0625 0.146484375
1 0.67265625 0.4853515625 0.0234375 0.076171875
0 0.59765625 0.42578125 0.0421875 0.1015625
0 0.50859375 0.4462890625 0.0265625 0.072265625
0 0.440625 0.4423828125 0.025 0.052734375
2 0.38984375 0.4609375 0.0203125 0.01953125
1 0.12890625 0.5 0.0328125 0.05078125
