0 0.7796875 0.6533203125 0.1 0.380859375
0 0.5890625 0.5576171875 0.06875 0.197265625
1 0.58203125 0.6240234375 0.0296875 0.119140625
2 0.89765625 0.7119140625 0.1921875 0.396484375
2 0.72265625 0.6044921875 0.1078125 0.201171875
2 0.39765625 0.486328125 0.0953125 0.1015625
2 0.29609375 0.4970703125 0.0828125 0.076171875
2 0.225 0.533203125 0.103125 0.109375
2 0.15 0.5703125 0.1375 0.15234375
2 0.05625 0.6015625 0.115625 0.2265625
2 0.54921875 0.4453125 0.0265625 0.0390625
2 0.5359375 0.4345703125 0.025 0.041015625
2 0.6828125 0.462890625 0.040625 0.06640625
2 0.24765625 0.4658203125 0.0453125 0.052734375
