0 0.725 0.44921875 0.015625 0.08203125
2 0.6078125 0.484375 0.109375 0.11328125
2 0.5671875 0.4658203125 0.084375 0.115234375
2 0.52265625 0.48046875 0.0140625 0.04296875
2 0.5109375 0.46484375 0.028125 0.04296875
2 0.5 0.4580078125 0.025 0.041015625
2 0.48515625 0.4599609375 0.0203125 0.025390625
2 0.46953125 0.4541015625 0.0140625 0.017578125
2 0.41796875 0.458984375 0.0265625 0.0234375
2 0.3828125 0.4609375 0.021875 0.03125
2 0.3609375 0.462890625 0.01875 0.03125
0 0.33203125 0.4501953125 0.0203125 0.033203125
1 0.334375 0.48828125 0.01875 0.0390625
2 0.31328125 0.4677734375 0.0203125 0.052734375
2 0.2765625 0.4697265625 0.053125 0.064453125
2 0.2578125 0.4873046875 0.040625 0.068359375
2 0.2109375 0.48046875 0.059375 0.1015625
2 0.09140625 0.46875 0.1859375 0.4453125
