0 0.55625 0.494140625 0.1125 0.171875
0 0.253125 0.498046875 0.053125 0.171875
0 0.1765625 0.4892578125 0.04375 0.130859375
2 0.040625 0.498046875 0.08125 0.12890625
2 0.309375 0.4736328125 0.0375 0.041015625
2 0.35 0.4736328125 0.05625 0.052734375
1 0.61875 0.5546875 0.084375 0.140625
1 0.52109375 0.5693359375 0.0734375 0.099609375
1 0.25546875 0.5537109375 0.0609375 0.107421875
1 0.1734375 0.53515625 0.03125 0.0703125
2 0.5078125 0.4794921875 0.021875 0.052734375
2 0.49765625 0.474609375 0.0234375 0.04296875
2 0.38359375 0.4697265625 0.0234375 0.033203125
2 0.1515625 0.474609375 0.0375 0.078125
