2 0.496875 0.5166015625 0.13125 0.126953125
2 0.42734375 0.4658203125 0.0328125 0.037109375
2 0.81796875 0.4599609375 0.0421875 0.064453125
2 0.925 0.447265625 0.14375 0.1484375
2 0.946875 0.490234375 0.1 0.1171875
0 0.784375 0.47265625 0.028125 0.14453125
0 0.7640625 0.482421875 0.040625 0.15625
0 0.73203125 0.474609375 0.0421875 0.140625
0 0.6140625 0.4697265625 0.021875 0.064453125
0 0.0328125 0.5068359375 0.025 0.072265625
0 0.0109375 0.5107421875 0.025 0.087890625
0 0.12265625 0.484375 0.0234375 0.03515625
0 0.596875 0.4521484375 0.021875 0.052734375
0 0.57890625 0.4521484375 0.0203125 0.052734375
