2 0.95546875 0.5126953125 0.0484375 0.119140625
2 0.88046875 0.5087890625 0.0453125 0.095703125
2 0.8625 0.4580078125 0.0625 0.060546875
2 0.85078125 0.740234375 0.2921875 0.3671875
2 0.74296875 0.5869140625 0.2203125 0.220703125
2 0.62265625 0.5146484375 0.1046875 0.119140625
2 0.565625 0.482421875 0.04375 0.05859375
2 0.41796875 0.4560546875 0.0359375 0.025390625
2 0.38359375 0.4697265625 0.0359375 0.052734375
2 0.34609375 0.4794921875 0.0546875 0.068359375
2 0.31640625 0.49609375 0.0546875 0.05859375
2 0.2796875 0.521484375 0.05625 0.078125
2 0.2484375 0.53515625 0.059375 0.10546875
2 0.1671875 0.55859375 0.159375 0.1640625
2 0.0578125 0.62109375 0.115625 0.2109375
2 0.54609375 0.46875 0.0328125 0.05078125
2 0.5328125 0.462890625 0.025 0.0390625
2 0.475 0.443359375 0.021875 0.0234375
0 0.446875 0.4580078125 0.015625 0.041015625
0 0.48828125 0.4453125 0.0171875 0.03125
