2 0.28203125 0.515625 0.2046875 0.1484375
1 0.20390625 0.4765625 0.0296875 0.015625
2 0.40078125 0.4755859375 0.0921875 0.111328125
2 0.4703125 0.4541015625 0.05625 0.076171875
0 0.66328125 0.453125 0.0171875 0.046875
0 0.70546875 0.431640625 0.0140625 0.015625
0 0.70703125 0.462890625 0.0171875 0.05078125
0 0.79296875 0.4375 0.0203125 0.04296875
0 0.59609375 0.4541015625 0.0140625 0.041015625
0 0.58203125 0.4521484375 0.0140625 0.041015625
0 0.2140625 0.4423828125 0.034375 0.044921875
2 0.32578125 0.4384765625 0.0578125 0.017578125
0 0.140625 0.4296875 0.021875 0.0390625
