0 0.55625 0.4609375 0.01875 0.04296875
0 0.3953125 0.4716796875 0.025 0.087890625
2 0.29140625 0.498046875 0.1203125 0.09375
2 0.1265625 0.53515625 0.209375 0.15234375
2 0.7234375 0.5224609375 0.153125 0.158203125
2 0.80390625 0.57421875 0.2203125 0.1953125
2 0.34453125 0.4833984375 0.0671875 0.076171875
2 0.90078125 0.6923828125 0.1859375 0.373046875
2 0.653125 0.5107421875 0.05 0.083984375
2 0.6484375 0.501953125 0.075 0.0859375
2 0.6 0.484375 0.04375 0.0625
2 0.41171875 0.4697265625 0.0265625 0.060546875
2 0.440625 0.462890625 0.03125 0.0390625
2 0.4578125 0.4609375 0.01875 0.03125
2 0.48359375 0.4560546875 0.0234375 0.025390625
