0 0.64921875 0.4619140625 0.0265625 0.091796875
0 0.66796875 0.4580078125 0.0234375 0.099609375
0 0.6875 0.4638671875 0.028125 0.095703125
2 0.80703125 0.4619140625 0.0546875 0.072265625
2 0.925 0.44921875 0.14375 0.15234375
2 0.94765625 0.48828125 0.0953125 0.1328125
0 0.1140625 0.4921875 0.025 0.05859375
0 0.13203125 0.4892578125 0.0234375 0.060546875
0 0.59609375 0.4580078125 0.0265625 0.064453125
2 0.72578125 0.4580078125 0.0359375 0.060546875
2 0.4125 0.4599609375 0.025 0.029296875
2 0.440625 0.462890625 0.040625 0.04296875
0 0.37734375 0.462890625 0.0203125 0.0390625
0 0.55546875 0.4580078125 0.0140625 0.048828125
0 0.5453125 0.458984375 0.0125 0.046875
