2 0.0515625 0.6279296875 0.10625 0.208984375
2 0.1421875 0.5576171875 0.2 0.185546875
2 0.27109375 0.51171875 0.0859375 0.078125
2 0.3109375 0.4921875 0.075 0.0625
2 0.353125 0.4736328125 0.059375 0.052734375
0 0.40625 0.466796875 0.021875 0.0625
0 0.43046875 0.451171875 0.0203125 0.03125
2 0.6125 0.494140625 0.08125 0.0703125
2 0.81328125 0.4970703125 0.1234375 0.091796875
2 0.88984375 0.5087890625 0.1328125 0.123046875
2 0.87421875 0.7353515625 0.2453125 0.353515625
2 0.7875 0.4716796875 0.11875 0.083984375
2 0.71484375 0.4873046875 0.0734375 0.072265625
