0 0.65703125 0.4619140625 0.0265625 0.095703125
0 0.67890625 0.4619140625 0.0296875 0.099609375
0 0.70234375 0.462890625 0.0234375 0.09765625
2 0.81015625 0.4580078125 0.0546875 0.072265625
2 0.92421875 0.44921875 0.1453125 0.1484375
2 0.95078125 0.4892578125 0.0921875 0.107421875
2 0.4296875 0.4716796875 0.046875 0.052734375
0 0.59765625 0.4619140625 0.0203125 0.052734375
0 0.11875 0.4892578125 0.028125 0.064453125
0 0.0984375 0.470703125 0.01875 0.02734375
0 0.3734375 0.4638671875 0.015625 0.037109375
0 0.55546875 0.4580078125 0.0203125 0.044921875
0 0.63359375 0.44921875 0.0203125 0.05078125
0 0.8796875 0.4140625 0.03125 0.03515625
