0 0.25703125 0.6181640625 0.0734375 0.271484375
1 0.2671875 0.7060546875 0.04375 0.150390625
2 0.0921875 0.5751953125 0.1875 0.216796875
2 0.18515625 0.52734375 0.0953125 0.1640625
2 0.3078125 0.482421875 0.08125 0.09375
2 0.3578125 0.48046875 0.04375 0.06640625
2 0.415625 0.44921875 0.046875 0.04296875
2 0.56015625 0.4580078125 0.0484375 0.044921875
2 0.62109375 0.513671875 0.0828125 0.08984375
2 0.6984375 0.525390625 0.15 0.12109375
2 0.76796875 0.5966796875 0.2203125 0.162109375
2 0.89921875 0.7099609375 0.1921875 0.302734375
2 0.67109375 0.4345703125 0.0328125 0.044921875
2 0.4484375 0.443359375 0.01875 0.03125
2 0.45390625 0.4384765625 0.0328125 0.033203125
2 0.47890625 0.439453125 0.0265625 0.0234375
