2 0.15390625 0.4912109375 0.2046875 0.142578125
2 0.32578125 0.482421875 0.0796875 0.0546875
2 0.38515625 0.4736328125 0.0390625 0.052734375
2 0.4234375 0.4716796875 0.040625 0.048828125
2 0.4546875 0.47265625 0.021875 0.0390625
2 0.8265625 0.501953125 0.128125 0.11328125
2 0.47578125 0.4716796875 0.0234375 0.029296875
2 0.7515625 0.4873046875 0.021875 0.083984375
2 0.734375 0.462890625 0.01875 0.0234375
2 0.8921875 0.4365234375 0.034375 0.041015625
2 0.62421875 0.46484375 0.0421875 0.0234375
2 0.9828125 0.447265625 0.028125 0.03515625
