0 0.85390625 0.4912109375 0.0265625 0.099609375
0 0.2171875 0.458984375 0.021875 0.0703125
2 0.64375 0.4892578125 0.046875 0.060546875
2 0.6734375 0.505859375 0.06875 0.0859375
2 0.753125 0.529296875 0.15 0.1484375
2 0.5546875 0.439453125 0.034375 0.03515625
2 0.47578125 0.43359375 0.0296875 0.03515625
1 0.9625 0.5673828125 0.06875 0.146484375
1 0.9125 0.560546875 0.06875 0.109375
0 0.62265625 0.4462890625 0.0203125 0.041015625
0 0.61015625 0.4521484375 0.0203125 0.060546875
0 0.36953125 0.443359375 0.0140625 0.03515625
