0 0.4796875 0.47265625 0.021875 0.06640625
0 0.41015625 0.47265625 0.0171875 0.07421875
2 0.521875 0.462890625 0.065625 0.06640625
2 0.3875 0.462890625 0.034375 0.03515625
1 0.646875 0.509765625 0.04375 0.078125
1 0.0828125 0.505859375 0.0375 0.0546875
1 0.6796875 0.509765625 0.0375 0.0625
1 0.1109375 0.5 0.01875 0.046875
1 0.82421875 0.4892578125 0.0453125 0.044921875
0 0.77578125 0.505859375 0.0296875 0.1015625
1 0.7484375 0.4990234375 0.021875 0.052734375
1 0.196875 0.494140625 0.0125 0.04296875
1 0.18046875 0.490234375 0.0140625 0.04296875
1 0.16953125 0.49609375 0.0109375 0.04296875
1 0.15703125 0.4951171875 0.0171875 0.037109375
0 0.34296875 0.4609375 0.0109375 0.0390625
