1 0.8703125 0.46484375 0.03125 0.046875
1 0.8171875 0.462890625 0.034375 0.046875
0 0.8484375 0.431640625 0.025 0.1171875
1 0.7859375 0.46484375 0.03125 0.05078125
0 0.75234375 0.4345703125 0.0328125 0.087890625
0 0.7265625 0.4228515625 0.025 0.068359375
1 0.7140625 0.4716796875 0.0375 0.052734375
2 0.60546875 0.412109375 0.0390625 0.07421875
2 0.4828125 0.4267578125 0.040625 0.044921875
2 0.4234375 0.39453125 0.015625 0.01953125
2 0.44609375 0.3984375 0.0171875 0.01953125
2 0.45078125 0.41015625 0.0171875 0.01953125
2 0.45625 0.42578125 0.015625 0.02734375
2 0.38671875 0.392578125 0.0171875 0.01953125
2 0.37890625 0.4228515625 0.0265625 0.052734375
2 0.3609375 0.4287109375 0.025 0.052734375
2 0.32109375 0.4326171875 0.0859375 0.091796875
