1 0.0296875 0.552734375 0.0625 0.09375
0 0.02890625 0.5146484375 0.0546875 0.123046875
1 0.15 0.5439453125 0.053125 0.056640625
2 0.0890625 0.494140625 0.09375 0.140625
2 0.2078125 0.4931640625 0.03125 0.083984375
2 0.3625 0.46875 0.01875 0.0234375
2 0.59375 0.4677734375 0.071875 0.044921875
2 0.60390625 0.484375 0.0796875 0.05078125
0 0.14375 0.494140625 0.040625 0.0703125
2 0.17578125 0.47265625 0.0484375 0.1015625
0 0.31171875 0.4638671875 0.0203125 0.044921875
1 0.3109375 0.4892578125 0.01875 0.029296875
2 0.4234375 0.4697265625 0.015625 0.021484375
