2 0.9734375 0.7578125 0.046875 0.23828125
2 0.8859375 0.6103515625 0.209375 0.279296875
2 0.775 0.55078125 0.165625 0.1484375
2 0.69921875 0.5283203125 0.1078125 0.103515625
2 0.6234375 0.4951171875 0.0625 0.064453125
2 0.53359375 0.462890625 0.0359375 0.03515625
2 0.2 0.4658203125 0.121875 0.068359375
2 0.08515625 0.45703125 0.1046875 0.08984375
2 0.040625 0.466796875 0.078125 0.08203125
0 0.3578125 0.4638671875 0.021875 0.056640625
2 0.240625 0.4560546875 0.078125 0.064453125
2 0.07578125 0.46875 0.0703125 0.08203125
2 0.3125 0.4541015625 0.034375 0.044921875
2 0.3828125 0.4619140625 0.028125 0.037109375
2 0.475 0.4599609375 0.025 0.025390625
2 0.5875 0.474609375 0.034375 0.05859375
3 0.34296875 0.4814453125 0.0109375 0.021484375
