2 0.1109375 0.576171875 0.221875 0.22265625
2 0.2515625 0.541015625 0.0875 0.125
2 0.37890625 0.466796875 0.0609375 0.07421875
2 0.58046875 0.474609375 0.0484375 0.05859375
2 0.621875 0.494140625 0.0625 0.0625
2 0.63125 0.5078125 0.06875 0.078125
2 0.6875 0.5263671875 0.103125 0.087890625
2 0.71640625 0.5595703125 0.1421875 0.134765625
2 0.85078125 0.640625 0.2796875 0.30078125
2 0.946875 0.8271484375 0.1 0.259765625
2 0.4109375 0.462890625 0.021875 0.0390625
2 0.42265625 0.453125 0.0296875 0.0390625
0 0.4421875 0.447265625 0.01875 0.0390625
0 0.471875 0.447265625 0.01875 0.04296875
0 0.4953125 0.4443359375 0.01875 0.044921875
2 0.55390625 0.4482421875 0.0296875 0.044921875
