2 0.0921875 0.5595703125 0.1875 0.193359375
2 0.20625 0.5380859375 0.0875 0.107421875
2 0.25078125 0.505859375 0.0921875 0.09375
2 0.31640625 0.4892578125 0.0359375 0.052734375
2 0.71640625 0.46484375 0.0765625 0.07421875
0 0.54296875 0.4453125 0.0234375 0.046875
0 0.51171875 0.458984375 0.0234375 0.05859375
0 0.34453125 0.470703125 0.0234375 0.07421875
2 0.728125 0.443359375 0.115625 0.08203125
2 0.83359375 0.474609375 0.1296875 0.09375
2 0.9390625 0.5625 0.115625 0.171875
2 0.946875 0.4609375 0.0625 0.08984375
2 0.37109375 0.466796875 0.0453125 0.05078125
2 0.3984375 0.458984375 0.025 0.03515625
2 0.6546875 0.4521484375 0.03125 0.044921875
0 0.57265625 0.451171875 0.0171875 0.04296875
