2 0.87578125 0.517578125 0.2421875 0.3203125
3 0.8734375 0.666015625 0.09375 0.125
0 0.73828125 0.541015625 0.0953125 0.33203125
0 0.659375 0.5087890625 0.05625 0.248046875
2 0.6265625 0.521484375 0.021875 0.0859375
2 0.5953125 0.5 0.078125 0.12890625
2 0.55234375 0.4921875 0.0203125 0.0546875
2 0.53203125 0.48828125 0.0234375 0.05859375
2 0.496875 0.4775390625 0.040625 0.064453125
2 0.4703125 0.46875 0.01875 0.05078125
2 0.4015625 0.478515625 0.13125 0.16796875
2 0.33203125 0.4541015625 0.0234375 0.037109375
2 0.31328125 0.4609375 0.0296875 0.05078125
2 0.29765625 0.46875 0.0296875 0.05859375
2 0.26875 0.4697265625 0.03125 0.064453125
2 0.23203125 0.4775390625 0.0671875 0.115234375
2 0.10390625 0.47265625 0.2078125 0.30078125
