2 0.7625 0.5361328125 0.184375 0.169921875
2 0.64453125 0.5146484375 0.1046875 0.103515625
0 0.57890625 0.4580078125 0.0171875 0.056640625
2 0.52890625 0.4892578125 0.0609375 0.072265625
2 0.5046875 0.443359375 0.03125 0.04296875
2 0.44453125 0.43359375 0.0359375 0.0390625
2 0.48046875 0.419921875 0.0234375 0.03515625
2 0.4109375 0.396484375 0.021875 0.03515625
2 0.390625 0.4296875 0.025 0.03515625
2 0.36875 0.447265625 0.0375 0.046875
2 0.3453125 0.4169921875 0.028125 0.029296875
2 0.18515625 0.4912109375 0.0734375 0.083984375
2 0.11875 0.5 0.0875 0.09765625
2 0.05625 0.5107421875 0.115625 0.111328125
