2 0.1046875 0.564453125 0.20625 0.1640625
2 0.0609375 0.640625 0.125 0.23828125
2 0.29609375 0.515625 0.1078125 0.109375
2 0.3453125 0.4931640625 0.05625 0.072265625
2 0.3921875 0.4765625 0.0625 0.0703125
2 0.4734375 0.455078125 0.046875 0.046875
2 0.62109375 0.48046875 0.0359375 0.05859375
2 0.64609375 0.48828125 0.0359375 0.07421875
2 0.7125 0.521484375 0.1375 0.15234375
2 0.95390625 0.650390625 0.0859375 0.34375
0 0.87890625 0.669921875 0.1046875 0.39453125
0 0.23125 0.59375 0.0875 0.234375
1 0.23515625 0.69921875 0.0828125 0.14453125
2 0.41484375 0.4609375 0.0328125 0.0546875
2 0.43046875 0.4580078125 0.0265625 0.052734375
2 0.50546875 0.439453125 0.0203125 0.0234375
2 0.515625 0.4345703125 0.025 0.029296875
2 0.58828125 0.443359375 0.0296875 0.03125
0 0.53203125 0.4560546875 0.0203125 0.041015625
