2 0.13671875 0.5859375 0.1859375 0.1796875
2 0.28671875 0.52734375 0.0765625 0.11328125
2 0.353125 0.494140625 0.071875 0.08203125
2 0.37890625 0.48046875 0.0609375 0.0703125
2 0.40703125 0.470703125 0.0328125 0.0546875
2 0.44765625 0.4638671875 0.0296875 0.044921875
2 0.59296875 0.44921875 0.0328125 0.03515625
2 0.6484375 0.5009765625 0.040625 0.068359375
2 0.696875 0.515625 0.096875 0.0859375
2 0.83984375 0.58984375 0.2578125 0.234375
0 0.25078125 0.5859375 0.1046875 0.203125
0 0.96015625 0.7763671875 0.0703125 0.388671875
1 0.23984375 0.6904296875 0.0859375 0.158203125
0 0.46640625 0.4677734375 0.0234375 0.056640625
2 0.425 0.462890625 0.025 0.05859375
2 0.48046875 0.4482421875 0.0296875 0.025390625
2 0.50625 0.4404296875 0.021875 0.029296875
2 0.7078125 0.4375 0.04375 0.03125
2 0.67265625 0.4384765625 0.0234375 0.029296875
