0 0.73828125 0.4921875 0.0234375 0.078125
0 0.47421875 0.453125 0.0234375 0.046875
0 0.41875 0.5087890625 0.0375 0.150390625
0 0.3875 0.5078125 0.040625 0.14453125
0 0.6046875 0.4501953125 0.01875 0.044921875
0 0.3484375 0.505859375 0.034375 0.140625
2 0.0390625 0.7294921875 0.08125 0.283203125
2 0.27890625 0.525390625 0.1203125 0.12890625
2 0.76171875 0.4921875 0.0578125 0.08984375
2 0.9203125 0.6630859375 0.15 0.244140625
2 0.94453125 0.8515625 0.1015625 0.28515625
1 0.70234375 0.6611328125 0.0421875 0.130859375
0 0.70546875 0.5830078125 0.0515625 0.224609375
2 0.8515625 0.4951171875 0.075 0.083984375
2 0.57421875 0.447265625 0.0359375 0.0390625
2 0.55703125 0.4443359375 0.0203125 0.029296875
2 0.44140625 0.455078125 0.0328125 0.0390625
