0 0.6578125 0.46484375 0.028125 0.08203125
0 0.634375 0.458984375 0.028125 0.0859375
2 0.80625 0.4599609375 0.05625 0.076171875
2 0.92265625 0.4462890625 0.1484375 0.146484375
2 0.94609375 0.484375 0.0890625 0.109375
0 0.1703125 0.48046875 0.01875 0.0390625
0 0.1109375 0.4873046875 0.01875 0.052734375
0 0.55 0.45703125 0.01875 0.046875
0 0.61484375 0.4609375 0.0203125 0.0703125
0 0.12734375 0.4873046875 0.0203125 0.033203125
2 0.72890625 0.45703125 0.0359375 0.046875
2 0.3703125 0.4619140625 0.0375 0.029296875
