2 0.9015625 0.626953125 0.190625 0.48046875
2 0.36796875 0.4619140625 0.0734375 0.068359375
2 0.46171875 0.47265625 0.0890625 0.06640625
2 0.48046875 0.44921875 0.0578125 0.0625
0 0.165625 0.494140625 0.090625 0.2109375
1 0.53828125 0.4990234375 0.0921875 0.056640625
1 0.6421875 0.4736328125 0.0125 0.037109375
1 0.60234375 0.4736328125 0.0171875 0.044921875
0 0.125 0.46875 0.034375 0.1171875
0 0.225 0.4609375 0.028125 0.07421875
0 0.23828125 0.4521484375 0.0171875 0.080078125
0 0.85 0.4482421875 0.025 0.072265625
0 0.88984375 0.42578125 0.0234375 0.07421875
0 0.7625 0.4326171875 0.01875 0.037109375
0 0.70859375 0.4521484375 0.0171875 0.041015625
0 0.64609375 0.435546875 0.0203125 0.0390625
0 0.6015625 0.4345703125 0.021875 0.041015625
0 0.54375 0.439453125 0.05 0.0625
2 0.41015625 0.4609375 0.0171875 0.0546875
0 0.309375 0.4443359375 0.01875 0.037109375
0 0.20234375 0.4296875 0.0140625 0.0390625
