2 0.1046875 0.572265625 0.2 0.15234375
2 0.2125 0.5244140625 0.115625 0.123046875
2 0.27890625 0.5126953125 0.0484375 0.083984375
2 0.3140625 0.49609375 0.053125 0.0703125
2 0.334375 0.4833984375 0.053125 0.064453125
2 0.40234375 0.48828125 0.0703125 0.06640625
2 0.4296875 0.4609375 0.05 0.05859375
2 0.93203125 0.8134765625 0.1265625 0.365234375
2 0.846875 0.65234375 0.296875 0.24609375
2 0.728125 0.576171875 0.1625 0.1640625
2 0.659375 0.5458984375 0.103125 0.123046875
2 0.62578125 0.501953125 0.0953125 0.12109375
2 0.45625 0.45703125 0.028125 0.046875
2 0.49609375 0.4462890625 0.0296875 0.037109375
2 0.5671875 0.482421875 0.04375 0.05859375
2 0.54140625 0.44921875 0.0421875 0.04296875
0 0.5078125 0.462890625 0.01875 0.05078125
2 0.67109375 0.4384765625 0.0703125 0.029296875
0 0.96875 0.4267578125 0.0125 0.037109375
0 0.95546875 0.4287109375 0.0140625 0.041015625
