2 0.253125 0.5244140625 0.0625 0.099609375
0 0.80234375 0.62890625 0.0921875 0.32421875
0 0.1921875 0.609375 0.1 0.23828125
2 0.10546875 0.5712890625 0.1265625 0.158203125
2 0.33203125 0.5009765625 0.1015625 0.091796875
2 0.4078125 0.470703125 0.05625 0.06640625
2 0.48515625 0.4580078125 0.0546875 0.041015625
2 0.9140625 0.7470703125 0.1625 0.337890625
2 0.7421875 0.552734375 0.08125 0.18359375
2 0.903125 0.5537109375 0.184375 0.162109375
2 0.6765625 0.501953125 0.115625 0.1015625
2 0.5890625 0.4453125 0.028125 0.02734375
2 0.89375 0.455078125 0.05625 0.0390625
2 0.61328125 0.4765625 0.0328125 0.05078125
2 0.52265625 0.439453125 0.0234375 0.03125
2 0.4359375 0.4677734375 0.025 0.052734375
2 0.453125 0.45703125 0.028125 0.0546875
0 0.5375 0.453125 0.015625 0.0390625
2 0.22421875 0.5546875 0.0671875 0.11328125
1 0.18046875 0.7119140625 0.0609375 0.146484375
