2 0.41484375 0.474609375 0.0546875 0.0546875
0 0.66328125 0.4677734375 0.0296875 0.095703125
0 0.69296875 0.4658203125 0.0234375 0.103515625
0 0.71171875 0.4619140625 0.0203125 0.103515625
2 0.80625 0.4619140625 0.053125 0.072265625
2 0.92265625 0.4453125 0.1421875 0.1484375
2 0.95 0.486328125 0.09375 0.12890625
0 0.5984375 0.45703125 0.025 0.05859375
0 0.63359375 0.4443359375 0.0234375 0.060546875
0 0.12421875 0.4853515625 0.0265625 0.037109375
0 0.09609375 0.466796875 0.0265625 0.02734375
0 0.0828125 0.4697265625 0.01875 0.029296875
2 0.72890625 0.4541015625 0.0296875 0.044921875
0 0.36875 0.4638671875 0.015625 0.037109375
0 0.55625 0.45703125 0.01875 0.05078125
