0 0.2296875 0.44921875 0.03125 0.08984375
0 0.2515625 0.4833984375 0.03125 0.123046875
0 0.8984375 0.4375 0.040625 0.08203125
2 0.09921875 0.580078125 0.2015625 0.2265625
2 0.11875 0.46484375 0.125 0.0546875
2 0.16953125 0.4921875 0.1265625 0.1328125
2 0.45234375 0.4638671875 0.1609375 0.126953125
2 0.5421875 0.4794921875 0.05625 0.091796875
2 0.64296875 0.4716796875 0.1703125 0.126953125
2 0.82578125 0.484375 0.2484375 0.13671875
0 0.37734375 0.474609375 0.0296875 0.0859375
2 0.35078125 0.4677734375 0.0484375 0.056640625
2 0.31328125 0.4716796875 0.0421875 0.056640625
2 0.28984375 0.470703125 0.0421875 0.0546875
