2 0.07578125 0.521484375 0.1546875 0.24609375
2 0.221875 0.5048828125 0.165625 0.115234375
2 0.48203125 0.478515625 0.1234375 0.0859375
0 0.5890625 0.48046875 0.03125 0.1015625
0 0.3875 0.482421875 0.04375 0.12109375
0 0.32109375 0.46875 0.0265625 0.0859375
0 0.34453125 0.4677734375 0.0265625 0.083984375
0 0.27265625 0.4453125 0.0328125 0.04296875
0 0.1328125 0.4306640625 0.028125 0.033203125
2 0.834375 0.4716796875 0.040625 0.033203125
2 0.8734375 0.4658203125 0.05625 0.056640625
0 0.9421875 0.4765625 0.01875 0.0703125
0 0.9515625 0.4814453125 0.0125 0.056640625
0 0.43671875 0.4619140625 0.0265625 0.060546875
