2 0.7828125 0.5830078125 0.2 0.162109375
2 0.66015625 0.51171875 0.1046875 0.09765625
2 0.396875 0.478515625 0.028125 0.0546875
2 0.3578125 0.4794921875 0.0625 0.072265625
2 0.2890625 0.5068359375 0.103125 0.134765625
2 0.23203125 0.5380859375 0.1265625 0.146484375
2 0.10546875 0.58203125 0.2078125 0.21484375
2 0.78125 0.4599609375 0.046875 0.044921875
2 0.72265625 0.470703125 0.0359375 0.0625
0 0.65 0.4541015625 0.01875 0.029296875
2 0.52890625 0.431640625 0.0234375 0.0234375
2 0.0640625 0.4912109375 0.10625 0.064453125
2 0.44375 0.451171875 0.03125 0.03515625
