0 0.01875 0.5322265625 0.034375 0.162109375
2 0.21875 0.5009765625 0.159375 0.087890625
2 0.7 0.4853515625 0.103125 0.056640625
2 0.78671875 0.482421875 0.0828125 0.046875
2 0.88828125 0.4716796875 0.0984375 0.064453125
0 0.50859375 0.486328125 0.0265625 0.08203125
0 0.59921875 0.4775390625 0.0234375 0.091796875
0 0.63125 0.474609375 0.028125 0.078125
2 0.14140625 0.4794921875 0.0703125 0.068359375
0 0.73203125 0.4541015625 0.0203125 0.025390625
0 0.82578125 0.462890625 0.0203125 0.0390625
0 0.81328125 0.4609375 0.0171875 0.0390625
2 0.95234375 0.4755859375 0.0421875 0.041015625
0 0.9890625 0.4658203125 0.015625 0.044921875
