0 0.92734375 0.525390625 0.0359375 0.1328125
0 0.9078125 0.5126953125 0.01875 0.119140625
0 0.896875 0.521484375 0.021875 0.125
0 0.8671875 0.51953125 0.03125 0.12890625
0 0.84140625 0.5205078125 0.0234375 0.123046875
0 0.80703125 0.5166015625 0.0203125 0.087890625
0 0.78046875 0.51953125 0.0203125 0.109375
0 0.759375 0.51953125 0.021875 0.08984375
0 0.74296875 0.515625 0.0203125 0.078125
0 0.7234375 0.5234375 0.01875 0.09765625
0 0.709375 0.5107421875 0.0125 0.068359375
0 0.6984375 0.5078125 0.0125 0.06640625
0 0.6640625 0.494140625 0.0125 0.0625
0 0.6546875 0.486328125 0.009375 0.05078125
0 0.64765625 0.486328125 0.0109375 0.05078125
0 0.58828125 0.484375 0.0140625 0.05078125
0 0.5671875 0.4619140625 0.009375 0.029296875
0 0.63203125 0.4921875 0.0171875 0.05859375
0 0.97421875 0.5185546875 0.0390625 0.146484375
2 0.384375 0.466796875 0.03125 0.03125
0 0.38515625 0.4794921875 0.0109375 0.029296875
0 0.37578125 0.4853515625 0.0109375 0.041015625
2 0.45390625 0.46484375 0.0734375 0.0234375
2 0.403125 0.541015625 0.071875 0.1171875
2 0.35546875 0.4931640625 0.0265625 0.052734375
2 0.33203125 0.4892578125 0.0203125 0.041015625
2 0.30859375 0.49609375 0.0421875 0.05078125
2 0.4953125 0.5517578125 0.15625 0.154296875
0 0.2265625 0.4892578125 0.0125 0.052734375
0 0.2078125 0.4921875 0.015625 0.0546875
0 0.18515625 0.494140625 0.0140625 0.05859375
0 0.14140625 0.4853515625 0.0171875 0.037109375
0 0.13359375 0.484375 0.0140625 0.03125
0 0.103125 0.53515625 0.028125 0.07421875
2 0.0703125 0.5185546875 0.103125 0.080078125
0 0.53359375 0.4599609375 0.0140625 0.029296875
0 0.7984375 0.45703125 0.0125 0.03515625
0 0.73671875 0.4599609375 0.0109375 0.029296875
0 0.67734375 0.486328125 0.0171875 0.0625
0 0.55546875 0.462890625 0.0140625 0.02734375
2 0.4046875 0.458984375 0.021875 0.0234375
2 0.4359375 0.439453125 0.015625 0.01953125
