2 0.93046875 0.4833984375 0.1296875 0.294921875
3 0.934375 0.716796875 0.125 0.1640625
2 0.834375 0.4912109375 0.05625 0.130859375
0 0.765625 0.56640625 0.103125 0.40234375
0 0.70078125 0.51953125 0.0546875 0.29296875
2 0.63359375 0.5146484375 0.0796875 0.154296875
2 0.58125 0.4990234375 0.03125 0.095703125
2 0.5484375 0.490234375 0.03125 0.078125
2 0.5109375 0.4814453125 0.046875 0.068359375
2 0.47734375 0.4716796875 0.0203125 0.052734375
2 0.45859375 0.46875 0.0203125 0.0546875
2 0.4 0.4765625 0.10625 0.140625
2 0.3375 0.4560546875 0.025 0.037109375
2 0.3109375 0.4609375 0.034375 0.046875
2 0.2875 0.470703125 0.04375 0.06640625
2 0.246875 0.4794921875 0.05 0.091796875
2 0.215625 0.486328125 0.046875 0.1328125
2 0.165625 0.48046875 0.046875 0.14453125
2 0.1359375 0.5166015625 0.04375 0.154296875
2 0.05390625 0.48828125 0.1109375 0.41015625
