0 0.11171875 0.4833984375 0.0265625 0.060546875
0 0.51484375 0.4560546875 0.0203125 0.056640625
2 0.078125 0.6298828125 0.15625 0.232421875
2 0.17265625 0.55859375 0.1453125 0.11328125
2 0.25390625 0.5068359375 0.1171875 0.103515625
2 0.315625 0.4970703125 0.053125 0.068359375
2 0.38828125 0.458984375 0.0546875 0.0625
2 0.9203125 0.810546875 0.153125 0.359375
2 0.76796875 0.572265625 0.2140625 0.2109375
2 0.66328125 0.5283203125 0.0859375 0.115234375
2 0.6390625 0.509765625 0.06875 0.08984375
2 0.62578125 0.4873046875 0.0796875 0.095703125
2 0.3359375 0.490234375 0.040625 0.0625
2 0.42421875 0.451171875 0.0265625 0.03515625
2 0.5671875 0.462890625 0.059375 0.0625
2 0.58359375 0.484375 0.0296875 0.0859375
