2 0.475 0.4931640625 0.10625 0.103515625
2 0.7375 0.4609375 0.0375 0.0625
2 0.78828125 0.4609375 0.0453125 0.078125
2 0.865625 0.412109375 0.0875 0.07421875
2 0.91015625 0.451171875 0.1734375 0.125
0 0.7015625 0.4912109375 0.05625 0.189453125
0 0.6515625 0.5 0.065625 0.1875
0 0.60625 0.4580078125 0.021875 0.068359375
0 0.5796875 0.458984375 0.025 0.06640625
0 0.5609375 0.4599609375 0.021875 0.064453125
0 0.26875 0.4658203125 0.0125 0.029296875
0 0.12421875 0.48828125 0.0234375 0.04296875
2 0.42578125 0.4580078125 0.0359375 0.029296875
