2 0.0671875 0.4169921875 0.134375 0.044921875
2 0.1921875 0.4287109375 0.125 0.103515625
2 0.46328125 0.4365234375 0.0703125 0.060546875
2 0.5 0.427734375 0.040625 0.0546875
2 0.528125 0.42578125 0.034375 0.05078125
2 0.7265625 0.43359375 0.0625 0.07421875
2 0.87421875 0.4482421875 0.0859375 0.076171875
2 0.92578125 0.4560546875 0.0703125 0.107421875
1 0.0671875 0.5966796875 0.1375 0.115234375
0 0.0546875 0.54296875 0.05625 0.1953125
2 0.56640625 0.4169921875 0.0453125 0.044921875
2 0.5890625 0.4140625 0.028125 0.0390625
2 0.61484375 0.4072265625 0.0265625 0.033203125
2 0.87109375 0.427734375 0.1109375 0.078125
