2 0.8296875 0.4716796875 0.028125 0.060546875
2 0.80546875 0.4580078125 0.0546875 0.072265625
2 0.92421875 0.4462890625 0.1453125 0.138671875
2 0.94921875 0.4892578125 0.0953125 0.126953125
0 0.60390625 0.45703125 0.0234375 0.08203125
0 0.653125 0.4560546875 0.03125 0.103515625
0 0.2625 0.486328125 0.028125 0.0625
0 0.2796875 0.474609375 0.025 0.08203125
2 0.72421875 0.45703125 0.0359375 0.0546875
0 0.6203125 0.4638671875 0.025 0.068359375
0 0.16875 0.4765625 0.021875 0.04296875
0 0.1265625 0.4853515625 0.021875 0.033203125
