2 0.75390625 0.583984375 0.1078125 0.12109375
2 0.52578125 0.5546875 0.0796875 0.078125
2 0.309375 0.5078125 0.04375 0.05078125
2 0.25859375 0.51171875 0.0546875 0.0703125
2 0.16640625 0.529296875 0.1296875 0.10546875
2 0.19609375 0.5751953125 0.1546875 0.130859375
0 0.73046875 0.5048828125 0.0171875 0.044921875
2 0.49921875 0.5205078125 0.0546875 0.072265625
2 0.4640625 0.5205078125 0.025 0.041015625
2 0.40625 0.501953125 0.021875 0.0234375
0 0.81953125 0.5009765625 0.0234375 0.044921875
0 0.8046875 0.5009765625 0.021875 0.052734375
0 0.7765625 0.5048828125 0.025 0.044921875
2 0.890625 0.5576171875 0.165625 0.060546875
2 0.88671875 0.5234375 0.0578125 0.05859375
