0 0.7953125 0.4873046875 0.028125 0.064453125
0 0.8296875 0.4931640625 0.028125 0.056640625
0 0.92265625 0.4921875 0.0234375 0.03125
0 0.88671875 0.6416015625 0.1078125 0.318359375
2 0.540625 0.6318359375 0.296875 0.302734375
2 0.390625 0.4921875 0.053125 0.05859375
0 0.08671875 0.4951171875 0.0328125 0.056640625
0 0.259375 0.5 0.01875 0.05859375
2 0.4796875 0.49609375 0.121875 0.08984375
0 0.2703125 0.498046875 0.015625 0.0625
0 0.32265625 0.4765625 0.0140625 0.0234375
1 0.89296875 0.728515625 0.0953125 0.16796875
