0 0.034375 0.5478515625 0.06875 0.244140625
1 0.0375 0.62890625 0.06875 0.13671875
0 0.61875 0.4970703125 0.0375 0.150390625
0 0.33828125 0.4873046875 0.0234375 0.107421875
0 0.3171875 0.4775390625 0.028125 0.123046875
0 0.296875 0.4892578125 0.028125 0.107421875
2 0.94765625 0.7177734375 0.0984375 0.326171875
2 0.878125 0.595703125 0.23125 0.30078125
2 0.7265625 0.51953125 0.140625 0.12890625
2 0.68046875 0.4951171875 0.0953125 0.126953125
2 0.5453125 0.451171875 0.025 0.02734375
2 0.39921875 0.44921875 0.0578125 0.03515625
2 0.36015625 0.4951171875 0.0203125 0.068359375
2 0.37265625 0.4814453125 0.0421875 0.068359375
0 0.4671875 0.453125 0.0125 0.03515625
2 0.58125 0.4580078125 0.025 0.033203125
