2 0.0328125 0.7099609375 0.06875 0.248046875
2 0.1890625 0.4658203125 0.140625 0.044921875
2 0.25859375 0.447265625 0.0921875 0.0546875
2 0.35546875 0.4990234375 0.1015625 0.123046875
2 0.30625 0.529296875 0.096875 0.11328125
2 0.23671875 0.5634765625 0.1421875 0.154296875
2 0.1125 0.623046875 0.228125 0.2265625
2 0.5484375 0.447265625 0.034375 0.0390625
2 0.61328125 0.4638671875 0.0453125 0.044921875
2 0.8140625 0.564453125 0.13125 0.15234375
0 0.7390625 0.533203125 0.034375 0.140625
0 0.725 0.560546875 0.053125 0.1640625
0 0.68046875 0.55078125 0.0453125 0.171875
2 0.8921875 0.6357421875 0.209375 0.212890625
2 0.42109375 0.474609375 0.0484375 0.046875
2 0.45859375 0.4580078125 0.0328125 0.041015625
2 0.4796875 0.4560546875 0.021875 0.033203125
2 0.02734375 0.4580078125 0.0578125 0.060546875
2 0.09609375 0.4580078125 0.0671875 0.052734375
