2 0.78125 0.4248046875 0.075 0.083984375
2 0.065625 0.4208984375 0.134375 0.091796875
0 0.025 0.4423828125 0.046875 0.134765625
0 0.075 0.453125 0.04375 0.1015625
1 0.025 0.494140625 0.053125 0.0625
1 0.07421875 0.4912109375 0.0453125 0.052734375
1 0.1796875 0.470703125 0.046875 0.046875
1 0.284375 0.4736328125 0.04375 0.037109375
0 0.18359375 0.4453125 0.0328125 0.08203125
0 0.2765625 0.4404296875 0.040625 0.083984375
0 0.334375 0.4296875 0.0375 0.0703125
0 0.3875 0.431640625 0.028125 0.05859375
1 0.3328125 0.4638671875 0.0375 0.033203125
