2 0.46171875 0.470703125 0.0890625 0.1015625
2 0.28515625 0.458984375 0.0546875 0.05859375
2 0.35625 0.458984375 0.046875 0.046875
2 0.93671875 0.45703125 0.0171875 0.03515625
0 0.91796875 0.4912109375 0.0234375 0.087890625
2 0.8984375 0.4560546875 0.021875 0.044921875
2 0.86015625 0.4580078125 0.0359375 0.037109375
0 0.6015625 0.4404296875 0.009375 0.021484375
0 0.553125 0.4443359375 0.009375 0.029296875
0 0.5140625 0.4462890625 0.0125 0.029296875
0 0.11328125 0.451171875 0.0109375 0.0390625
2 0.4109375 0.451171875 0.015625 0.01953125
2 0.39921875 0.455078125 0.0109375 0.01953125
2 0.3875 0.4541015625 0.015625 0.021484375
2 0.9765625 0.4697265625 0.0375 0.056640625
