2 0.15390625 0.5009765625 0.1703125 0.162109375
2 0.290625 0.466796875 0.08125 0.0859375
2 0.340625 0.462890625 0.034375 0.0390625
2 0.6953125 0.490234375 0.053125 0.09375
2 0.759375 0.4951171875 0.028125 0.099609375
2 0.62578125 0.478515625 0.0484375 0.08203125
1 0.9828125 0.6279296875 0.028125 0.119140625
1 0.9421875 0.587890625 0.0375 0.078125
0 0.9515625 0.513671875 0.05625 0.16015625
0 0.7359375 0.4814453125 0.04375 0.130859375
0 0.65625 0.4736328125 0.0375 0.115234375
1 0.73203125 0.5390625 0.0609375 0.08984375
1 0.65234375 0.525390625 0.0484375 0.0703125
0 0.59453125 0.47265625 0.0265625 0.07421875
0 0.57421875 0.46484375 0.0234375 0.0703125
1 0.59609375 0.513671875 0.0203125 0.05078125
1 0.57265625 0.4970703125 0.0234375 0.037109375
1 0.0125 0.53515625 0.028125 0.0703125
0 0.5421875 0.4677734375 0.021875 0.068359375
0 0.51796875 0.466796875 0.0203125 0.05859375
1 0.540625 0.490234375 0.01875 0.03515625
