2 0.17578125 0.431640625 0.0515625 0.06640625
0 0.21171875 0.4482421875 0.0453125 0.134765625
0 0.2515625 0.4677734375 0.05 0.119140625
0 0.2875 0.4580078125 0.034375 0.134765625
0 0.3109375 0.451171875 0.028125 0.12109375
0 0.34140625 0.45703125 0.0421875 0.14453125
0 0.37734375 0.4189453125 0.0328125 0.056640625
0 0.38671875 0.4658203125 0.0421875 0.134765625
0 0.41328125 0.4375 0.0296875 0.0859375
0 0.44375 0.4921875 0.04375 0.1640625
0 0.47265625 0.490234375 0.0296875 0.1640625
0 0.65390625 0.5166015625 0.0421875 0.162109375
0 0.61875 0.5048828125 0.05 0.185546875
2 0.82421875 0.44140625 0.1171875 0.0546875
2 0.70546875 0.4462890625 0.1015625 0.037109375
2 0.89453125 0.451171875 0.1296875 0.03125
