2 0.8703125 0.7353515625 0.25 0.396484375
2 0.7921875 0.580078125 0.25 0.2265625
2 0.66640625 0.5498046875 0.0671875 0.134765625
2 0.65234375 0.5146484375 0.0796875 0.091796875
2 0.3765625 0.484375 0.05 0.05859375
2 0.33828125 0.5 0.0671875 0.0703125
2 0.26484375 0.5263671875 0.0828125 0.099609375
2 0.1953125 0.5576171875 0.1 0.119140625
2 0.08515625 0.587890625 0.1703125 0.1875
2 0.51953125 0.462890625 0.0546875 0.06640625
0 0.41484375 0.4697265625 0.0203125 0.052734375
2 0.7640625 0.447265625 0.04375 0.02734375
2 0.8046875 0.4404296875 0.06875 0.041015625
2 0.85546875 0.4462890625 0.1234375 0.037109375
2 0.575 0.466796875 0.028125 0.0546875
2 0.6109375 0.4755859375 0.071875 0.083984375
2 0.4578125 0.44921875 0.025 0.02734375
2 0.41953125 0.45703125 0.0421875 0.0390625
2 0.02109375 0.658203125 0.0421875 0.140625
