0 0.08671875 0.6142578125 0.0828125 0.291015625
2 0.028125 0.6044921875 0.059375 0.189453125
2 0.1640625 0.546875 0.125 0.125
2 0.24453125 0.5166015625 0.0796875 0.091796875
2 0.32265625 0.4853515625 0.0734375 0.087890625
2 0.3796875 0.509765625 0.10625 0.10546875
2 0.828125 0.654296875 0.325 0.359375
2 0.69140625 0.560546875 0.1015625 0.15625
2 0.6484375 0.5361328125 0.084375 0.126953125
2 0.60625 0.5107421875 0.059375 0.099609375
2 0.446875 0.4404296875 0.021875 0.033203125
2 0.46640625 0.4404296875 0.0203125 0.025390625
2 0.49453125 0.4365234375 0.0296875 0.029296875
0 0.50546875 0.453125 0.0203125 0.046875
2 0.27578125 0.4619140625 0.0453125 0.041015625
2 0.5765625 0.4765625 0.071875 0.09375
0 0.82421875 0.41796875 0.0109375 0.02734375
0 0.81640625 0.419921875 0.0109375 0.0234375
0 0.80859375 0.419921875 0.0109375 0.02734375
