2 0.93671875 0.38671875 0.1203125 0.05078125
2 0.80390625 0.4326171875 0.0859375 0.033203125
2 0.82890625 0.5107421875 0.3359375 0.212890625
0 0.67734375 0.4521484375 0.0296875 0.111328125
2 0.5421875 0.4580078125 0.0625 0.068359375
2 0.5 0.4462890625 0.021875 0.041015625
2 0.48046875 0.447265625 0.0265625 0.03515625
2 0.459375 0.4443359375 0.021875 0.033203125
2 0.39921875 0.435546875 0.0234375 0.02734375
2 0.37890625 0.4404296875 0.0203125 0.029296875
2 0.36484375 0.4482421875 0.0234375 0.029296875
2 0.3359375 0.4443359375 0.03125 0.041015625
2 0.3078125 0.4423828125 0.025 0.056640625
2 0.27265625 0.4521484375 0.0734375 0.056640625
