2 0.5421875 0.5654296875 0.28125 0.228515625
1 0.19453125 0.5498046875 0.0296875 0.072265625
0 0.98046875 0.50390625 0.0328125 0.1640625
0 0.9421875 0.48046875 0.03125 0.10546875
0 0.915625 0.4775390625 0.025 0.111328125
3 0.89375 0.513671875 0.021875 0.02734375
0 0.14609375 0.474609375 0.0234375 0.0625
0 0.10078125 0.474609375 0.0234375 0.07421875
0 0.13046875 0.4736328125 0.0203125 0.060546875
2 0.4125 0.4658203125 0.01875 0.025390625
2 0.4015625 0.46875 0.01875 0.02734375
2 0.38515625 0.4716796875 0.0203125 0.029296875
0 0.2625 0.4951171875 0.021875 0.041015625
0 0.1953125 0.474609375 0.03125 0.06640625
0 0.0796875 0.478515625 0.025 0.0859375
0 0.0609375 0.4755859375 0.01875 0.083984375
0 0.0359375 0.4794921875 0.025 0.076171875
0 0.215625 0.46875 0.015625 0.05078125
0 0.0078125 0.453125 0.01875 0.03515625
