2 0.12265625 0.701171875 0.2484375 0.4296875
2 0.22734375 0.533203125 0.0828125 0.0859375
2 0.2625 0.51171875 0.084375 0.078125
2 0.36953125 0.4814453125 0.0546875 0.056640625
2 0.40078125 0.466796875 0.0296875 0.0390625
0 0.33359375 0.494140625 0.0296875 0.0859375
2 0.8578125 0.734375 0.271875 0.3515625
2 0.7171875 0.5888671875 0.19375 0.181640625
2 0.66171875 0.529296875 0.1171875 0.125
2 0.6390625 0.50390625 0.1 0.12109375
0 0.5046875 0.4658203125 0.025 0.056640625
0 0.30625 0.50390625 0.040625 0.06640625
1 0.33203125 0.5234375 0.0203125 0.0625
2 0.4171875 0.4609375 0.028125 0.03515625
0 0.4328125 0.4521484375 0.01875 0.037109375
2 0.51015625 0.4541015625 0.0421875 0.041015625
2 0.765625 0.447265625 0.096875 0.0390625
2 0.703125 0.4462890625 0.040625 0.037109375
2 0.57265625 0.4619140625 0.0515625 0.068359375
2 0.5890625 0.4853515625 0.0375 0.064453125
