2 0.95078125 0.5205078125 0.0921875 0.166015625
2 0.88359375 0.48046875 0.2265625 0.1953125
2 0.809375 0.470703125 0.140625 0.1484375
2 0.7359375 0.4873046875 0.021875 0.056640625
2 0.596875 0.4921875 0.240625 0.31640625
0 0.47890625 0.451171875 0.0421875 0.1015625
1 0.4703125 0.53125 0.025 0.078125
0 0.178125 0.5166015625 0.134375 0.353515625
1 0.22578125 0.6484375 0.0703125 0.15234375
2 0.0578125 0.466796875 0.11875 0.23046875
2 0.03984375 0.529296875 0.0828125 0.2109375
2 0.24921875 0.490234375 0.1515625 0.1640625
2 0.2671875 0.45703125 0.19375 0.15625
2 0.3625 0.4736328125 0.04375 0.107421875
2 0.4015625 0.466796875 0.1375 0.1484375
1 0.13203125 0.6728515625 0.0921875 0.228515625
