1 0.3109375 0.7099609375 0.040625 0.138671875
0 0.7109375 0.599609375 0.078125 0.27734375
0 0.309375 0.6279296875 0.084375 0.279296875
2 0.26171875 0.517578125 0.0765625 0.08984375
2 0.3609375 0.48828125 0.065625 0.0703125
2 0.4078125 0.46484375 0.040625 0.046875
2 0.48046875 0.458984375 0.0453125 0.03125
2 0.640625 0.5 0.078125 0.1171875
2 0.753125 0.556640625 0.0625 0.1328125
2 0.65859375 0.548828125 0.0515625 0.1171875
2 0.95625 0.849609375 0.078125 0.22265625
2 0.79140625 0.490234375 0.1234375 0.0703125
2 0.77578125 0.44140625 0.0484375 0.02734375
2 0.92890625 0.4736328125 0.1328125 0.087890625
2 0.9484375 0.4921875 0.096875 0.078125
2 0.6 0.4775390625 0.065625 0.072265625
2 0.56953125 0.462890625 0.0265625 0.04296875
2 0.2265625 0.498046875 0.103125 0.0703125
2 0.4328125 0.4580078125 0.021875 0.044921875
2 0.43984375 0.45703125 0.0296875 0.04296875
