2 0.8765625 0.5263671875 0.240625 0.298828125
2 0.7015625 0.5029296875 0.11875 0.119140625
2 0.615625 0.451171875 0.06875 0.07421875
2 0.55390625 0.373046875 0.0234375 0.0234375
2 0.48203125 0.36328125 0.0203125 0.0234375
2 0.46640625 0.373046875 0.0203125 0.02734375
0 0.525 0.392578125 0.025 0.04296875
2 0.52109375 0.453125 0.0640625 0.0625
2 0.41640625 0.4228515625 0.0484375 0.056640625
2 0.37734375 0.4541015625 0.0578125 0.068359375
2 0.303125 0.4921875 0.121875 0.1015625
2 0.09375 0.505859375 0.190625 0.3046875
