2 0.22421875 0.5009765625 0.1171875 0.126953125
2 0.35625 0.48046875 0.075 0.07421875
2 0.4171875 0.478515625 0.05 0.046875
2 0.61015625 0.4892578125 0.0484375 0.072265625
2 0.6515625 0.4970703125 0.075 0.083984375
2 0.77734375 0.53125 0.2109375 0.23046875
2 0.93203125 0.6669921875 0.1296875 0.396484375
2 0.53515625 0.4599609375 0.0265625 0.025390625
0 0.5625 0.4755859375 0.028125 0.060546875
0 0.47265625 0.4677734375 0.0140625 0.041015625
0 0.46171875 0.466796875 0.0109375 0.046875
0 0.45390625 0.46875 0.0078125 0.04296875
0 0.48828125 0.4599609375 0.0109375 0.029296875
2 0.665625 0.5234375 0.04375 0.08984375
0 0.59375 0.4775390625 0.021875 0.044921875
2 0.1078125 0.53125 0.21875 0.18359375
2 0.315625 0.4736328125 0.034375 0.044921875
2 0.9171875 0.5 0.078125 0.078125
