2 0.05703125 0.6416015625 0.1171875 0.248046875
2 0.15078125 0.5673828125 0.1734375 0.197265625
2 0.303125 0.513671875 0.115625 0.10546875
2 0.384375 0.478515625 0.053125 0.0625
2 0.471875 0.4697265625 0.065625 0.060546875
2 0.50859375 0.453125 0.0359375 0.02734375
2 0.68203125 0.5146484375 0.1078125 0.099609375
2 0.91015625 0.73828125 0.1734375 0.33984375
2 0.60390625 0.4697265625 0.0515625 0.052734375
2 0.93203125 0.494140625 0.0984375 0.078125
2 0.04921875 0.4833984375 0.1015625 0.091796875
2 0.12421875 0.4638671875 0.0703125 0.041015625
2 0.159375 0.455078125 0.11875 0.05859375
2 0.65234375 0.494140625 0.0828125 0.08203125
