2 0.809375 0.5478515625 0.3125 0.224609375
2 0.56484375 0.4892578125 0.0953125 0.083984375
2 0.51640625 0.4794921875 0.0328125 0.056640625
2 0.49375 0.4697265625 0.021875 0.044921875
2 0.478125 0.4736328125 0.01875 0.037109375
2 0.4453125 0.46484375 0.015625 0.015625
2 0.415625 0.4736328125 0.01875 0.029296875
2 0.4015625 0.478515625 0.01875 0.0390625
2 0.37265625 0.4814453125 0.0328125 0.044921875
2 0.3296875 0.4912109375 0.05 0.052734375
2 0.25390625 0.4990234375 0.1265625 0.115234375
2 0.1421875 0.5068359375 0.103125 0.087890625
