1 0.17578125 0.533203125 0.0609375 0.1484375
1 0.2390625 0.5166015625 0.05 0.115234375
0 0.1765625 0.46484375 0.0625 0.1875
0 0.2390625 0.4716796875 0.053125 0.181640625
0 0.56796875 0.486328125 0.0609375 0.203125
0 0.66953125 0.5390625 0.0953125 0.36328125
2 0.046875 0.5068359375 0.096875 0.181640625
2 0.084375 0.4775390625 0.08125 0.087890625
2 0.471875 0.4755859375 0.103125 0.087890625
2 0.48359375 0.494140625 0.0546875 0.0859375
2 0.609375 0.4765625 0.059375 0.12890625
2 0.84453125 0.50390625 0.2671875 0.20703125
2 0.9 0.5361328125 0.190625 0.208984375
0 0.31640625 0.4765625 0.0234375 0.08203125
0 0.34921875 0.47265625 0.0265625 0.08203125
2 0.390625 0.470703125 0.046875 0.06640625
2 0.01328125 0.3662109375 0.0296875 0.068359375
2 0.53046875 0.4853515625 0.0359375 0.126953125
