0 0.709375 0.517578125 0.03125 0.078125
0 0.73671875 0.5029296875 0.0234375 0.052734375
0 0.9328125 0.5166015625 0.025 0.044921875
0 0.9140625 0.5146484375 0.01875 0.037109375
0 0.89453125 0.513671875 0.0265625 0.04296875
0 0.8625 0.51171875 0.025 0.0546875
0 0.846875 0.5146484375 0.01875 0.052734375
0 0.79296875 0.5078125 0.0296875 0.03515625
2 0.06484375 0.509765625 0.0734375 0.07421875
2 0.028125 0.51953125 0.059375 0.07421875
2 0.30859375 0.53125 0.2109375 0.1953125
2 0.2109375 0.5361328125 0.028125 0.033203125
