0 0.10390625 0.521484375 0.0421875 0.125
2 0.30625 0.5087890625 0.109375 0.107421875
2 0.04296875 0.693359375 0.0859375 0.22265625
2 0.8953125 0.6796875 0.203125 0.265625
2 0.81171875 0.5771484375 0.2078125 0.181640625
2 0.70859375 0.537109375 0.0953125 0.10546875
2 0.65 0.51171875 0.065625 0.06640625
2 0.03203125 0.5029296875 0.0671875 0.091796875
2 0.1484375 0.5 0.05625 0.10546875
2 0.0859375 0.4873046875 0.0625 0.095703125
2 0.215625 0.4765625 0.03125 0.06640625
2 0.6171875 0.4951171875 0.040625 0.052734375
2 0.6015625 0.4873046875 0.04375 0.052734375
2 0.5734375 0.4736328125 0.034375 0.041015625
2 0.56171875 0.462890625 0.0328125 0.03125
