0 0.54765625 0.5625 0.0609375 0.21484375
0 0.484375 0.4677734375 0.025 0.072265625
0 0.4609375 0.46875 0.025 0.0703125
0 0.4421875 0.46875 0.025 0.0703125
1 0.5484375 0.62109375 0.025 0.11328125
2 0.91171875 0.4951171875 0.1203125 0.056640625
2 0.95546875 0.53125 0.0828125 0.1171875
2 0.8671875 0.6162109375 0.25625 0.197265625
2 0.6890625 0.5087890625 0.078125 0.087890625
2 0.6296875 0.5263671875 0.1 0.123046875
2 0.396875 0.4814453125 0.0625 0.068359375
2 0.35703125 0.5087890625 0.0484375 0.083984375
2 0.3 0.533203125 0.103125 0.1328125
2 0.19296875 0.544921875 0.1734375 0.2265625
2 0.09140625 0.6474609375 0.1859375 0.240234375
2 0.76328125 0.4833984375 0.0484375 0.052734375
0 0.7 0.45703125 0.01875 0.02734375
