2 0.08203125 0.4697265625 0.1671875 0.138671875
2 0.2125 0.482421875 0.103125 0.1171875
2 0.08515625 0.515625 0.0796875 0.09375
2 0.0234375 0.50390625 0.05 0.12890625
2 0.29453125 0.4814453125 0.0609375 0.107421875
0 0.54375 0.4609375 0.028125 0.05859375
0 0.8625 0.4541015625 0.025 0.076171875
0 0.6453125 0.46484375 0.025 0.0546875
0 0.77578125 0.435546875 0.0203125 0.04296875
1 0.9484375 0.4833984375 0.025 0.056640625
1 0.91484375 0.4833984375 0.0203125 0.060546875
1 0.88828125 0.4853515625 0.0203125 0.060546875
0 0.30703125 0.435546875 0.0203125 0.03125
1 0.33984375 0.4794921875 0.0234375 0.068359375
1 0.3640625 0.4853515625 0.021875 0.056640625
