2 0.2234375 0.5556640625 0.159375 0.134765625
2 0.2921875 0.5126953125 0.0875 0.072265625
2 0.328125 0.494140625 0.084375 0.08203125
2 0.3859375 0.474609375 0.0625 0.05859375
2 0.50390625 0.44921875 0.0453125 0.0390625
2 0.75625 0.546875 0.153125 0.15234375
2 0.671875 0.515625 0.059375 0.0859375
2 0.628125 0.4794921875 0.0625 0.056640625
2 0.91953125 0.7548828125 0.1453125 0.287109375
2 0.88125 0.5068359375 0.059375 0.083984375
2 0.90859375 0.4453125 0.0921875 0.05078125
2 0.8171875 0.470703125 0.0875 0.0703125
2 0.596875 0.455078125 0.05 0.05078125
2 0.43203125 0.4638671875 0.0328125 0.041015625
2 0.2671875 0.4501953125 0.084375 0.044921875
2 0.24609375 0.4619140625 0.0546875 0.044921875
2 0.2203125 0.4619140625 0.04375 0.044921875
