1 0.79609375 0.591796875 0.1796875 0.12890625
2 0.08671875 0.6064453125 0.1765625 0.197265625
2 0.18828125 0.5498046875 0.1234375 0.130859375
2 0.30234375 0.5087890625 0.1046875 0.083984375
2 0.37109375 0.46875 0.0609375 0.05859375
2 0.5796875 0.458984375 0.04375 0.0390625
2 0.6140625 0.4912109375 0.06875 0.072265625
2 0.6765625 0.521484375 0.1 0.09765625
2 0.7703125 0.4814453125 0.06875 0.076171875
2 0.85078125 0.501953125 0.1453125 0.08984375
2 0.40703125 0.46875 0.0203125 0.03515625
2 0.4140625 0.4609375 0.028125 0.0390625
2 0.3625 0.4853515625 0.0375 0.056640625
2 0.434375 0.455078125 0.01875 0.03125
2 0.44921875 0.4501953125 0.0234375 0.033203125
