2 0.05859375 0.4736328125 0.1203125 0.130859375
2 0.1421875 0.47265625 0.053125 0.07421875
2 0.93203125 0.478515625 0.1296875 0.09765625
2 0.878125 0.74609375 0.23125 0.48828125
2 0.7984375 0.57421875 0.290625 0.28125
0 0.5984375 0.4873046875 0.03125 0.056640625
0 0.621875 0.4794921875 0.021875 0.064453125
0 0.39765625 0.470703125 0.0234375 0.05078125
0 0.4375 0.4609375 0.01875 0.03515625
2 0.3046875 0.4697265625 0.034375 0.037109375
0 0.41484375 0.4541015625 0.0203125 0.041015625
0 0.340625 0.46484375 0.01875 0.05078125
0 0.328125 0.462890625 0.01875 0.046875
2 0.45859375 0.4736328125 0.0359375 0.033203125
