2 0.5578125 0.470703125 0.04375 0.02734375
2 0.965625 0.7060546875 0.059375 0.224609375
0 0.33046875 0.470703125 0.0234375 0.05859375
0 0.340625 0.474609375 0.01875 0.046875
0 0.353125 0.4736328125 0.021875 0.052734375
0 0.60078125 0.490234375 0.0296875 0.08984375
0 0.6421875 0.4970703125 0.021875 0.083984375
0 0.68828125 0.4873046875 0.0234375 0.068359375
0 0.71484375 0.490234375 0.0234375 0.05859375
0 0.8296875 0.4990234375 0.028125 0.083984375
0 0.871875 0.4892578125 0.021875 0.083984375
0 0.93828125 0.5 0.0328125 0.08203125
0 0.96484375 0.5048828125 0.0296875 0.056640625
0 0.19765625 0.4677734375 0.0234375 0.076171875
0 0.2234375 0.4716796875 0.03125 0.083984375
0 0.659375 0.48046875 0.01875 0.05078125
0 0.73671875 0.486328125 0.0203125 0.06640625
0 0.7546875 0.490234375 0.01875 0.0625
0 0.7765625 0.48046875 0.021875 0.03515625
