0 0.65234375 0.5087890625 0.0265625 0.115234375
0 0.634375 0.51953125 0.03125 0.1171875
0 0.60546875 0.509765625 0.0453125 0.125
2 0.9328125 0.736328125 0.121875 0.34375
2 0.734375 0.552734375 0.153125 0.12890625
2 0.4171875 0.4736328125 0.046875 0.044921875
2 0.4453125 0.458984375 0.0375 0.046875
2 0.23125 0.4736328125 0.11875 0.060546875
2 0.07421875 0.60546875 0.1484375 0.296875
2 0.18046875 0.58984375 0.1296875 0.17578125
2 0.24765625 0.55078125 0.1171875 0.125
2 0.30078125 0.5234375 0.0859375 0.09375
2 0.33671875 0.5048828125 0.0703125 0.076171875
2 0.37890625 0.484375 0.0765625 0.078125
2 0.134375 0.458984375 0.0625 0.05078125
2 0.53046875 0.4541015625 0.0328125 0.033203125
2 0.58203125 0.45703125 0.0359375 0.04296875
2 0.48515625 0.4443359375 0.0265625 0.029296875
