2 0.6484375 0.447265625 0.06875 0.1015625
0 0.609375 0.4501953125 0.03125 0.103515625
0 0.58203125 0.451171875 0.0328125 0.1015625
0 0.38203125 0.435546875 0.0265625 0.08984375
2 0.34375 0.4365234375 0.059375 0.072265625
2 0.19375 0.4326171875 0.05625 0.056640625
2 0.05234375 0.421875 0.0828125 0.08984375
2 0.115625 0.423828125 0.046875 0.0703125
2 0.10234375 0.4013671875 0.1046875 0.076171875
2 0.2625 0.4501953125 0.11875 0.103515625
2 0.409375 0.431640625 0.028125 0.0546875
2 0.43125 0.4287109375 0.03125 0.044921875
2 0.45 0.42578125 0.01875 0.03515625
2 0.45859375 0.419921875 0.0296875 0.0390625
