0 0.97890625 0.5205078125 0.0359375 0.099609375
0 0.6796875 0.548828125 0.05 0.12890625
0 0.58046875 0.4765625 0.0234375 0.08984375
0 0.5234375 0.4775390625 0.034375 0.091796875
2 0.925 0.712890625 0.1375 0.2578125
2 0.875 0.5888671875 0.19375 0.185546875
2 0.7109375 0.537109375 0.075 0.14453125
2 0.3765625 0.494140625 0.096875 0.11328125
2 0.32734375 0.5263671875 0.0890625 0.115234375
2 0.23046875 0.564453125 0.1828125 0.15625
2 0.04296875 0.697265625 0.0859375 0.25390625
2 0.42578125 0.4814453125 0.0234375 0.056640625
2 0.7703125 0.5517578125 0.1125 0.119140625
2 0.6671875 0.4951171875 0.053125 0.064453125
2 0.64921875 0.484375 0.0421875 0.05859375
2 0.63828125 0.478515625 0.0421875 0.06640625
2 0.5671875 0.4560546875 0.025 0.033203125
2 0.4921875 0.4521484375 0.03125 0.033203125
2 0.44609375 0.4814453125 0.0328125 0.060546875
2 0.465625 0.4677734375 0.028125 0.044921875
1 0.52421875 0.5048828125 0.0203125 0.052734375
