0 0.01640625 0.50390625 0.0296875 0.09375
2 0.196875 0.52734375 0.196875 0.1484375
2 0.43984375 0.4658203125 0.0484375 0.052734375
2 0.934375 0.421875 0.125 0.08984375
2 0.9515625 0.4775390625 0.0875 0.130859375
0 0.865625 0.4921875 0.046875 0.1875
0 0.821875 0.490234375 0.05625 0.19921875
0 0.759375 0.47265625 0.046875 0.140625
0 0.7125 0.4814453125 0.046875 0.138671875
0 0.6109375 0.4658203125 0.025 0.068359375
0 0.590625 0.46484375 0.025 0.0703125
0 0.5515625 0.45703125 0.01875 0.046875
0 0.56953125 0.447265625 0.0109375 0.03125
0 0.35859375 0.45703125 0.0109375 0.0234375
0 0.109375 0.484375 0.01875 0.0390625
0 0.65078125 0.4482421875 0.0140625 0.041015625
