2 0.8828125 0.5166015625 0.20625 0.115234375
0 0.67109375 0.4638671875 0.0203125 0.072265625
2 0.609375 0.498046875 0.134375 0.14453125
2 0.221875 0.4462890625 0.071875 0.044921875
2 0.2328125 0.501953125 0.109375 0.09765625
2 0.29375 0.482421875 0.0625 0.0625
2 0.30859375 0.47265625 0.0421875 0.05859375
2 0.3578125 0.44921875 0.040625 0.04296875
2 0.50234375 0.4443359375 0.0421875 0.037109375
2 0.80546875 0.466796875 0.1296875 0.10546875
2 0.38515625 0.443359375 0.0265625 0.0234375
2 0.38828125 0.4306640625 0.0328125 0.029296875
2 0.3390625 0.45703125 0.034375 0.0390625
