2 0.81328125 0.498046875 0.1046875 0.08984375
2 0.9125 0.5244140625 0.115625 0.119140625
2 0.6484375 0.4931640625 0.096875 0.099609375
2 0.59609375 0.470703125 0.0484375 0.0625
2 0.44140625 0.453125 0.0421875 0.04296875
2 0.38828125 0.4697265625 0.0328125 0.056640625
2 0.34921875 0.478515625 0.0609375 0.0703125
2 0.2640625 0.48046875 0.115625 0.12890625
2 0.21328125 0.5078125 0.0859375 0.12890625
2 0.09296875 0.5205078125 0.1828125 0.216796875
2 0.021875 0.5693359375 0.034375 0.181640625
2 0.55 0.4541015625 0.025 0.025390625
2 0.4046875 0.46484375 0.021875 0.04296875
2 0.41640625 0.4638671875 0.0203125 0.041015625
2 0.43125 0.462890625 0.01875 0.0390625
2 0.925 0.47265625 0.115625 0.0546875
2 0.85390625 0.490234375 0.0734375 0.07421875
2 0.96640625 0.5439453125 0.0484375 0.158203125
2 0.7015625 0.47265625 0.05 0.05859375
2 0.56953125 0.466796875 0.0265625 0.0390625
2 0.4734375 0.4541015625 0.03125 0.029296875
