2 0.06953125 0.6142578125 0.1421875 0.283203125
2 0.19140625 0.546875 0.1328125 0.125
2 0.265625 0.5146484375 0.09375 0.119140625
2 0.3125 0.5009765625 0.04375 0.064453125
2 0.3390625 0.4892578125 0.046875 0.056640625
2 0.428125 0.482421875 0.065625 0.0546875
2 0.44296875 0.4560546875 0.0578125 0.044921875
2 0.9296875 0.8544921875 0.128125 0.283203125
2 0.865625 0.6875 0.259375 0.36328125
2 0.7453125 0.5966796875 0.1625 0.181640625
2 0.68828125 0.5517578125 0.1203125 0.134765625
0 0.515625 0.462890625 0.01875 0.046875
0 0.95546875 0.427734375 0.0140625 0.0390625
0 0.94140625 0.423828125 0.0140625 0.03125
2 0.6390625 0.517578125 0.09375 0.09765625
2 0.61015625 0.490234375 0.0828125 0.09765625
2 0.65859375 0.4375 0.0578125 0.0234375
2 0.56875 0.470703125 0.04375 0.0625
2 0.5015625 0.4462890625 0.03125 0.037109375
2 0.3578125 0.4765625 0.04375 0.05859375
2 0.38515625 0.4736328125 0.0328125 0.044921875
