0 0.425 0.46484375 0.021875 0.07421875
0 0.6359375 0.462890625 0.021875 0.0859375
0 0.61640625 0.4599609375 0.0265625 0.095703125
0 0.725 0.470703125 0.034375 0.13671875
0 0.14609375 0.484375 0.0203125 0.078125
2 0.80859375 0.44921875 0.0578125 0.09765625
2 0.925 0.447265625 0.14375 0.14453125
2 0.95 0.48828125 0.09375 0.12109375
0 0.55 0.4580078125 0.01875 0.052734375
0 0.4703125 0.4560546875 0.01875 0.041015625
0 0.1671875 0.4755859375 0.01875 0.037109375
0 0.13125 0.478515625 0.015625 0.0234375
0 0.1125 0.4765625 0.021875 0.03125
2 0.4515625 0.458984375 0.028125 0.02734375
