1 0.03671875 0.568359375 0.0734375 0.09375
0 0.22734375 0.451171875 0.0203125 0.0703125
0 0.728125 0.4716796875 0.025 0.099609375
0 0.76640625 0.44921875 0.0234375 0.04296875
0 0.78671875 0.447265625 0.0265625 0.046875
2 0.56484375 0.4619140625 0.0578125 0.064453125
2 0.53515625 0.4521484375 0.0265625 0.041015625
2 0.515625 0.4365234375 0.034375 0.033203125
2 0.69375 0.7578125 0.453125 0.47265625
0 0.6578125 0.44921875 0.025 0.04296875
0 0.825 0.4599609375 0.021875 0.025390625
0 0.9890625 0.48046875 0.015625 0.10546875
0 0.5984375 0.431640625 0.01875 0.0390625
2 0.4390625 0.427734375 0.025 0.0234375
