2 0.57578125 0.4560546875 0.0546875 0.056640625
2 0.61875 0.49609375 0.071875 0.07421875
2 0.66171875 0.5224609375 0.1171875 0.107421875
2 0.8625 0.666015625 0.2625 0.265625
2 0.328125 0.486328125 0.06875 0.0859375
2 0.24609375 0.50390625 0.1359375 0.140625
2 0.0390625 0.47265625 0.08125 0.08203125
0 0.36875 0.474609375 0.025 0.08203125
2 0.384375 0.4619140625 0.01875 0.041015625
2 0.39453125 0.4501953125 0.0265625 0.041015625
2 0.4125 0.44140625 0.025 0.03515625
0 0.44296875 0.447265625 0.0203125 0.0546875
2 0.49453125 0.4375 0.0234375 0.03125
0 0.4828125 0.4423828125 0.01875 0.056640625
2 0.5328125 0.44921875 0.034375 0.05078125
0 0.5203125 0.44921875 0.025 0.046875
2 0.978125 0.86328125 0.034375 0.2109375
