0 0.5859375 0.48046875 0.01875 0.04296875
0 0.61015625 0.4833984375 0.0203125 0.041015625
0 0.628125 0.4833984375 0.025 0.044921875
2 0.03671875 0.5810546875 0.0765625 0.212890625
2 0.12421875 0.5556640625 0.1953125 0.177734375
2 0.31796875 0.513671875 0.1421875 0.1015625
2 0.3984375 0.505859375 0.065625 0.0859375
2 0.728125 0.49609375 0.065625 0.0859375
2 0.78984375 0.5302734375 0.1453125 0.134765625
2 0.85390625 0.5732421875 0.1484375 0.166015625
2 0.91171875 0.654296875 0.1671875 0.30859375
2 0.47578125 0.4912109375 0.0578125 0.060546875
2 0.5046875 0.484375 0.028125 0.05078125
2 0.5328125 0.484375 0.040625 0.04296875
2 0.55703125 0.4833984375 0.0203125 0.033203125
0 0.65 0.4853515625 0.0125 0.041015625
2 0.68984375 0.4873046875 0.0328125 0.072265625
2 0.66875 0.4892578125 0.028125 0.041015625
2 0.24296875 0.4873046875 0.0859375 0.060546875
