2 0.0546875 0.56640625 0.109375 0.19921875
2 0.159375 0.537109375 0.159375 0.16015625
2 0.2515625 0.5146484375 0.1 0.103515625
2 0.3046875 0.490234375 0.1 0.10546875
2 0.35546875 0.4873046875 0.0484375 0.072265625
2 0.39609375 0.4775390625 0.0546875 0.060546875
2 0.62265625 0.48046875 0.0609375 0.0546875
2 0.6625 0.515625 0.046875 0.09765625
2 0.7484375 0.5439453125 0.1625 0.169921875
0 0.55546875 0.4677734375 0.0203125 0.052734375
0 0.5734375 0.466796875 0.021875 0.0625
2 0.44375 0.46484375 0.04375 0.046875
2 0.4765625 0.4609375 0.025 0.03125
0 0.50078125 0.45703125 0.0109375 0.03515625
2 0.53125 0.455078125 0.025 0.02734375
0 0.51640625 0.4560546875 0.0109375 0.037109375
