2 0.57109375 0.466796875 0.1078125 0.109375
2 0.5109375 0.4560546875 0.046875 0.060546875
2 0.15546875 0.484375 0.0953125 0.08203125
2 0.215625 0.4755859375 0.053125 0.060546875
2 0.24765625 0.466796875 0.0484375 0.0625
2 0.27890625 0.466796875 0.0140625 0.04296875
2 0.346875 0.466796875 0.053125 0.0546875
2 0.309375 0.46484375 0.028125 0.0390625
2 0.4828125 0.4619140625 0.025 0.041015625
2 0.4625 0.45703125 0.021875 0.03125
2 0.446875 0.4521484375 0.0125 0.021484375
0 0.0859375 0.4609375 0.01875 0.0390625
2 0.05703125 0.46484375 0.0296875 0.0390625
2 0.103125 0.455078125 0.015625 0.03515625
2 0.02734375 0.4599609375 0.0265625 0.052734375
