1 0.6453125 0.59375 0.115625 0.265625
1 0.77109375 0.5537109375 0.1203125 0.197265625
1 0.5609375 0.4912109375 0.034375 0.119140625
1 0.46640625 0.4931640625 0.0234375 0.111328125
1 0.93828125 0.50390625 0.0328125 0.10546875
1 0.884375 0.505859375 0.059375 0.10546875
2 0.321875 0.4345703125 0.046875 0.041015625
2 0.35703125 0.4296875 0.0453125 0.03125
2 0.42734375 0.4296875 0.0234375 0.0234375
0 0.4015625 0.427734375 0.0125 0.04296875
0 0.959375 0.3916015625 0.034375 0.123046875
0 0.878125 0.388671875 0.053125 0.125
0 0.76953125 0.4462890625 0.1171875 0.322265625
0 0.64296875 0.44921875 0.1203125 0.40234375
0 0.55703125 0.42578125 0.0546875 0.2109375
0 0.46640625 0.431640625 0.0484375 0.18359375
0 0.10625 0.400390625 0.01875 0.0390625
