0 0.48125 0.49609375 0.03125 0.08203125
0 0.228125 0.458984375 0.021875 0.05859375
2 0.8875 0.677734375 0.215625 0.265625
2 0.75 0.591796875 0.253125 0.171875
2 0.12109375 0.46875 0.0828125 0.0546875
2 0.0375 0.4609375 0.071875 0.046875
0 0.1109375 0.462890625 0.021875 0.0625
0 0.04609375 0.4375 0.0203125 0.02734375
0 0.3390625 0.4814453125 0.03125 0.044921875
1 0.3484375 0.501953125 0.065625 0.0390625
2 0.7953125 0.4873046875 0.1125 0.068359375
2 0.71953125 0.4755859375 0.0796875 0.064453125
1 0.52421875 0.486328125 0.0234375 0.02734375
1 0.5015625 0.4892578125 0.021875 0.025390625
