2 0.09453125 0.533203125 0.1828125 0.2109375
2 0.2171875 0.498046875 0.11875 0.15234375
2 0.30234375 0.453125 0.0765625 0.05859375
0 0.31484375 0.455078125 0.0234375 0.05859375
2 0.36328125 0.4609375 0.0734375 0.078125
2 0.4125 0.4580078125 0.040625 0.052734375
2 0.68671875 0.478515625 0.0578125 0.07421875
2 0.8453125 0.490234375 0.1 0.08984375
2 0.95703125 0.5029296875 0.0796875 0.123046875
0 0.62734375 0.4560546875 0.0171875 0.048828125
0 0.75703125 0.533203125 0.0546875 0.21484375
0 0.9078125 0.6005859375 0.0875 0.318359375
2 0.57109375 0.453125 0.0359375 0.04296875
2 0.4296875 0.4521484375 0.01875 0.041015625
2 0.4296875 0.4462890625 0.028125 0.052734375
2 0.46953125 0.44140625 0.0234375 0.03125
2 0.5359375 0.44140625 0.01875 0.0234375
2 0.6484375 0.458984375 0.034375 0.03515625
0 0.3390625 0.43359375 0.01875 0.0390625
