2 0.015625 0.54296875 0.034375 0.11328125
2 0.13515625 0.51171875 0.2078125 0.11328125
2 0.31953125 0.494140625 0.1578125 0.078125
2 0.50078125 0.466796875 0.0796875 0.0625
2 0.85390625 0.4580078125 0.0828125 0.044921875
2 0.9234375 0.45703125 0.06875 0.04296875
0 0.73984375 0.453125 0.0234375 0.05859375
0 0.7171875 0.4560546875 0.025 0.064453125
0 0.67734375 0.462890625 0.0234375 0.06640625
0 0.45625 0.474609375 0.025 0.078125
0 0.4234375 0.47265625 0.025 0.0859375
0 0.4046875 0.4697265625 0.021875 0.083984375
0 0.36953125 0.4453125 0.0265625 0.03515625
0 0.3546875 0.443359375 0.025 0.03515625
0 0.11953125 0.4453125 0.0296875 0.03515625
0 0.9578125 0.4501953125 0.01875 0.044921875
0 0.88046875 0.4375 0.0203125 0.02734375
