0 0.728125 0.48046875 0.01875 0.09375
0 0.7046875 0.4814453125 0.021875 0.099609375
0 0.6796875 0.4853515625 0.021875 0.083984375
2 0.6046875 0.4638671875 0.103125 0.060546875
2 0.490625 0.4482421875 0.028125 0.029296875
2 0.434375 0.43359375 0.021875 0.0234375
2 0.41796875 0.4521484375 0.0296875 0.037109375
2 0.39375 0.4443359375 0.028125 0.025390625
2 0.38359375 0.470703125 0.0453125 0.03515625
2 0.30078125 0.4658203125 0.0546875 0.041015625
2 0.24453125 0.4765625 0.0546875 0.0625
2 0.17890625 0.4892578125 0.0828125 0.072265625
2 0.06953125 0.48828125 0.1421875 0.12890625
