2 0.72421875 0.490234375 0.1765625 0.15234375
2 0.578125 0.4677734375 0.08125 0.072265625
2 0.48203125 0.466796875 0.0484375 0.06640625
2 0.45625 0.4609375 0.025 0.02734375
2 0.32265625 0.466796875 0.0296875 0.03125
2 0.10234375 0.47265625 0.0671875 0.0859375
2 0.04453125 0.4892578125 0.0921875 0.083984375
2 0.40390625 0.4619140625 0.0140625 0.017578125
2 0.39375 0.4599609375 0.015625 0.025390625
2 0.38125 0.462890625 0.0125 0.0234375
2 0.36484375 0.46484375 0.0234375 0.02734375
2 0.2625 0.4755859375 0.040625 0.041015625
