2 0.06484375 0.505859375 0.1296875 0.19140625
2 0.15078125 0.4755859375 0.0796875 0.080078125
2 0.25078125 0.49609375 0.2109375 0.18359375
2 0.36484375 0.4697265625 0.0421875 0.056640625
2 0.5125 0.4541015625 0.040625 0.044921875
2 0.5625 0.4609375 0.040625 0.04296875
2 0.640625 0.5107421875 0.075 0.138671875
2 0.7328125 0.5546875 0.221875 0.21875
2 0.40078125 0.458984375 0.0359375 0.0390625
2 0.43046875 0.453125 0.0234375 0.03125
2 0.44296875 0.447265625 0.0234375 0.03125
0 0.45703125 0.447265625 0.0140625 0.0390625
0 0.6234375 0.4501953125 0.021875 0.041015625
