2 0.3453125 0.5927734375 0.546875 0.267578125
2 0.80859375 0.4599609375 0.0546875 0.076171875
2 0.92578125 0.447265625 0.1421875 0.1484375
2 0.946875 0.484375 0.09375 0.125
0 0.721875 0.4716796875 0.04375 0.150390625
0 0.6828125 0.484375 0.040625 0.125
0 0.1875 0.48046875 0.01875 0.05078125
0 0.165625 0.484375 0.021875 0.0625
0 0.5875 0.4638671875 0.03125 0.083984375
0 0.61640625 0.4638671875 0.0234375 0.072265625
0 0.646875 0.4609375 0.021875 0.07421875
0 0.5515625 0.455078125 0.01875 0.046875
0 0.12578125 0.4873046875 0.0203125 0.037109375
