2 0.8078125 0.6845703125 0.184375 0.224609375
2 0.90390625 0.73828125 0.1796875 0.41796875
2 0.021875 0.703125 0.046875 0.18359375
2 0.10546875 0.6494140625 0.2015625 0.189453125
2 0.1171875 0.53125 0.1375 0.05859375
2 0.20078125 0.5927734375 0.1265625 0.119140625
2 0.26875 0.5712890625 0.08125 0.095703125
2 0.3296875 0.552734375 0.065625 0.06640625
2 0.359375 0.53125 0.05625 0.06640625
0 0.828125 0.5478515625 0.04375 0.052734375
2 0.5765625 0.5234375 0.028125 0.04296875
2 0.5625 0.51953125 0.025 0.0390625
2 0.390625 0.5244140625 0.03125 0.044921875
2 0.40703125 0.525390625 0.0265625 0.0390625
2 0.4171875 0.5166015625 0.021875 0.025390625
0 0.896875 0.5302734375 0.01875 0.056640625
2 0.43515625 0.5107421875 0.0171875 0.025390625
2 0.4515625 0.50390625 0.0125 0.015625
2 0.49609375 0.4970703125 0.0140625 0.017578125
2 0.5390625 0.5126953125 0.015625 0.025390625
2 0.61328125 0.517578125 0.0203125 0.04296875
