0 0.70625 0.48046875 0.028125 0.1171875
0 0.66640625 0.4921875 0.0359375 0.140625
0 0.959375 0.4716796875 0.0375 0.060546875
2 0.803125 0.44921875 0.1625 0.06640625
0 0.5609375 0.470703125 0.028125 0.09375
2 0.49296875 0.466796875 0.0359375 0.04296875
0 0.46328125 0.4638671875 0.0203125 0.056640625
2 0.39609375 0.4619140625 0.0328125 0.037109375
0 0.3390625 0.4736328125 0.01875 0.052734375
0 0.3125 0.462890625 0.01875 0.0625
2 0.2375 0.451171875 0.046875 0.0390625
2 0.20390625 0.451171875 0.0203125 0.03125
2 0.1484375 0.447265625 0.04375 0.02734375
2 0.10625 0.4482421875 0.034375 0.033203125
2 0.0828125 0.453125 0.028125 0.02734375
2 0.05234375 0.5517578125 0.1078125 0.294921875
2 0.0484375 0.439453125 0.028125 0.03125
