2 0.80859375 0.45703125 0.0515625 0.0859375
2 0.9234375 0.44921875 0.146875 0.14453125
2 0.94921875 0.48046875 0.0953125 0.12890625
0 0.73203125 0.4921875 0.0359375 0.15625
0 0.7640625 0.47265625 0.040625 0.1953125
0 0.3734375 0.4619140625 0.0125 0.029296875
0 0.1671875 0.4833984375 0.01875 0.052734375
0 0.546875 0.458984375 0.015625 0.046875
2 0.64296875 0.4453125 0.0234375 0.03125
0 0.56796875 0.45703125 0.0234375 0.0546875
0 0.12578125 0.4853515625 0.0203125 0.033203125
0 0.1109375 0.4873046875 0.021875 0.052734375
