2 0.77265625 0.490234375 0.2046875 0.1171875
2 0.9671875 0.4677734375 0.059375 0.076171875
2 0.57578125 0.4912109375 0.0984375 0.083984375
2 0.52421875 0.484375 0.0359375 0.0625
2 0.44453125 0.484375 0.0796875 0.07421875
0 0.1578125 0.46875 0.025 0.08203125
1 0.275 0.5078125 0.021875 0.04296875
0 0.72109375 0.451171875 0.0203125 0.05078125
2 0.9140625 0.4853515625 0.05625 0.103515625
0 0.35078125 0.46484375 0.0140625 0.04296875
0 0.2734375 0.46484375 0.025 0.046875
1 0.11953125 0.4931640625 0.0265625 0.037109375
1 0.09453125 0.4873046875 0.0265625 0.052734375
1 0.06640625 0.4873046875 0.0328125 0.060546875
1 0.03515625 0.5087890625 0.0359375 0.123046875
1 0.01015625 0.49609375 0.0234375 0.10546875
