0 0.8046875 0.490234375 0.025 0.0390625
0 0.771875 0.470703125 0.01875 0.0390625
1 0.77265625 0.5 0.0359375 0.03125
0 0.6078125 0.46484375 0.01875 0.04296875
0 0.525 0.4755859375 0.01875 0.041015625
2 0.39765625 0.4697265625 0.0359375 0.037109375
2 0.35859375 0.4638671875 0.0296875 0.033203125
2 0.30625 0.4677734375 0.03125 0.041015625
2 0.2859375 0.4716796875 0.025 0.041015625
2 0.26875 0.47265625 0.025 0.05078125
2 0.24765625 0.4775390625 0.0421875 0.068359375
2 0.1875 0.470703125 0.084375 0.09375
2 0.12421875 0.498046875 0.1171875 0.0859375
