1 0.30625 0.5263671875 0.021875 0.060546875
0 0.309375 0.486328125 0.03125 0.09375
0 0.4328125 0.4443359375 0.01875 0.060546875
0 0.4765625 0.44140625 0.01875 0.0546875
0 0.51171875 0.447265625 0.0265625 0.05078125
2 0.7125 0.5576171875 0.1625 0.162109375
2 0.64453125 0.521484375 0.0921875 0.11328125
2 0.6328125 0.4912109375 0.09375 0.095703125
2 0.584375 0.4609375 0.065625 0.08203125
2 0.34609375 0.4697265625 0.0609375 0.052734375
2 0.2734375 0.50390625 0.06875 0.09765625
2 0.14765625 0.5400390625 0.2046875 0.201171875
2 0.159375 0.4375 0.071875 0.0234375
2 0.36796875 0.4560546875 0.0421875 0.044921875
2 0.3859375 0.451171875 0.021875 0.04296875
2 0.39375 0.443359375 0.03125 0.046875
2 0.4890625 0.435546875 0.021875 0.03125
