2 0.02578125 0.556640625 0.0546875 0.1484375
2 0.05078125 0.494140625 0.1015625 0.14453125
2 0.3640625 0.45703125 0.175 0.125
2 0.46015625 0.48828125 0.0671875 0.1015625
2 0.56796875 0.478515625 0.1828125 0.13671875
2 0.7765625 0.4970703125 0.265625 0.154296875
0 0.8578125 0.4296875 0.040625 0.07421875
0 0.175 0.486328125 0.034375 0.1328125
0 0.146875 0.486328125 0.040625 0.171875
0 0.26796875 0.4755859375 0.0296875 0.095703125
2 0.253125 0.4736328125 0.028125 0.068359375
2 0.2234375 0.4765625 0.040625 0.05859375
0 0.1125 0.4697265625 0.01875 0.064453125
