0 0.753125 0.4677734375 0.028125 0.044921875
0 0.6015625 0.521484375 0.0375 0.13671875
0 0.4125 0.46484375 0.01875 0.06640625
0 0.39921875 0.4638671875 0.0203125 0.072265625
2 0.08515625 0.48046875 0.1578125 0.07421875
2 0.03515625 0.6455078125 0.0734375 0.216796875
2 0.10234375 0.580078125 0.1828125 0.16015625
2 0.19375 0.537109375 0.1125 0.12109375
2 0.2515625 0.5126953125 0.090625 0.091796875
2 0.3234375 0.4931640625 0.125 0.068359375
2 0.684375 0.525390625 0.1375 0.1484375
2 0.5671875 0.4755859375 0.04375 0.056640625
2 0.54765625 0.4638671875 0.0421875 0.044921875
2 0.8515625 0.626953125 0.28125 0.21875
2 0.91875 0.76953125 0.15625 0.3125
2 0.909375 0.4619140625 0.121875 0.064453125
2 0.84609375 0.46484375 0.0453125 0.0546875
2 0.515625 0.4423828125 0.025 0.033203125
2 0.35625 0.4580078125 0.05625 0.052734375
2 0.58359375 0.4921875 0.0296875 0.0703125
0 0.4265625 0.4609375 0.01875 0.0625
