0 0.6875 0.48046875 0.040625 0.09765625
0 0.8546875 0.4716796875 0.03125 0.087890625
0 0.871875 0.4716796875 0.034375 0.083984375
0 0.940625 0.490234375 0.04375 0.1328125
0 0.2390625 0.44921875 0.021875 0.05859375
0 0.34375 0.443359375 0.021875 0.046875
0 0.159375 0.5 0.03125 0.09375
0 0.3484375 0.541015625 0.08125 0.17578125
2 0.55703125 0.46875 0.0609375 0.05859375
2 0.5328125 0.455078125 0.04375 0.05078125
2 0.4265625 0.4267578125 0.025 0.025390625
1 0.3359375 0.615234375 0.134375 0.109375
0 0.01953125 0.4833984375 0.0234375 0.119140625
0 0.090625 0.4560546875 0.028125 0.041015625
2 0.4953125 0.4365234375 0.0375 0.033203125
2 0.096875 0.4482421875 0.071875 0.033203125
0 0.04140625 0.4951171875 0.0453125 0.095703125
0 0.98125 0.4931640625 0.03125 0.123046875
1 0.2125 0.4794921875 0.025 0.029296875
