0 0.93984375 0.458984375 0.0484375 0.16015625
0 0.9421875 0.361328125 0.009375 0.04296875
0 0.928125 0.359375 0.0125 0.03515625
0 0.9203125 0.3525390625 0.0125 0.029296875
0 0.9125 0.3759765625 0.015625 0.044921875
0 0.9015625 0.3720703125 0.0125 0.041015625
0 0.8890625 0.46484375 0.0375 0.140625
0 0.87890625 0.39453125 0.0265625 0.05078125
0 0.840625 0.3720703125 0.021875 0.025390625
0 0.83984375 0.42578125 0.0234375 0.08203125
0 0.815625 0.357421875 0.01875 0.03125
0 0.815625 0.431640625 0.021875 0.10546875
0 0.803125 0.353515625 0.009375 0.02734375
0 0.79375 0.3662109375 0.0125 0.037109375
0 0.7921875 0.4267578125 0.025 0.083984375
0 0.78125 0.3916015625 0.021875 0.037109375
0 0.76484375 0.39453125 0.0203125 0.03515625
0 0.753125 0.4287109375 0.025 0.095703125
0 0.77578125 0.4697265625 0.0390625 0.087890625
0 0.73125 0.41796875 0.021875 0.08984375
0 0.71171875 0.3857421875 0.0203125 0.025390625
0 0.70390625 0.4521484375 0.0265625 0.126953125
0 0.68515625 0.4140625 0.0203125 0.0703125
0 0.6734375 0.3955078125 0.01875 0.056640625
0 0.646875 0.3876953125 0.01875 0.056640625
0 0.63125 0.3857421875 0.021875 0.064453125
0 0.6125 0.3740234375 0.01875 0.044921875
0 0.596875 0.3818359375 0.01875 0.056640625
0 0.5828125 0.390625 0.01875 0.046875
0 0.565625 0.384765625 0.01875 0.0390625
0 0.55078125 0.3857421875 0.0203125 0.033203125
2 0.53671875 0.4453125 0.0921875 0.09765625
2 0.50703125 0.404296875 0.0546875 0.05859375
2 0.48046875 0.392578125 0.0234375 0.0390625
2 0.47109375 0.3798828125 0.0203125 0.025390625
2 0.43515625 0.3759765625 0.0484375 0.033203125
2 0.4265625 0.4189453125 0.065625 0.068359375
2 0.38515625 0.390625 0.0234375 0.0390625
2 0.39765625 0.37890625 0.0203125 0.03125
2 0.3609375 0.4013671875 0.034375 0.060546875
2 0.309375 0.4248046875 0.084375 0.091796875
2 0.2359375 0.4326171875 0.065625 0.072265625
0 0.15546875 0.435546875 0.0265625 0.09375
0 0.12265625 0.4248046875 0.0140625 0.072265625
0 0.0890625 0.4296875 0.01875 0.078125
