2 0.12734375 0.4892578125 0.1203125 0.087890625
2 0.24609375 0.4765625 0.0640625 0.0546875
2 0.2859375 0.4736328125 0.03125 0.044921875
2 0.31015625 0.47265625 0.0203125 0.0390625
2 0.33046875 0.46875 0.0234375 0.03515625
0 0.4953125 0.4609375 0.01875 0.05078125
0 0.46328125 0.4599609375 0.0140625 0.037109375
0 0.3578125 0.466796875 0.015625 0.05078125
1 0.8984375 0.544921875 0.140625 0.2265625
1 0.97421875 0.5390625 0.0453125 0.171875
1 0.653125 0.5048828125 0.04375 0.103515625
1 0.696875 0.505859375 0.053125 0.1015625
1 0.72578125 0.505859375 0.0390625 0.09765625
0 0.0484375 0.46484375 0.021875 0.05859375
2 0.34609375 0.46484375 0.0109375 0.03125
