2 0.1203125 0.5634765625 0.18125 0.154296875
2 0.221875 0.5283203125 0.103125 0.103515625
2 0.27109375 0.5107421875 0.0578125 0.087890625
2 0.346875 0.4736328125 0.059375 0.068359375
2 0.51015625 0.455078125 0.0421875 0.0390625
2 0.79609375 0.505859375 0.0921875 0.09765625
2 0.76328125 0.4736328125 0.1203125 0.076171875
2 0.59140625 0.478515625 0.0546875 0.0625
0 0.5375 0.4755859375 0.021875 0.068359375
0 0.559375 0.4833984375 0.021875 0.076171875
1 0.56171875 0.5166015625 0.0203125 0.068359375
0 0.4078125 0.462890625 0.01875 0.05078125
1 0.4078125 0.4755859375 0.0125 0.025390625
2 0.6953125 0.474609375 0.06875 0.0703125
0 0.45703125 0.4443359375 0.0140625 0.041015625
0 0.4453125 0.447265625 0.015625 0.04296875
