1 0.584375 0.484375 0.078125 0.046875
2 0.56953125 0.4609375 0.0609375 0.0625
2 0.490625 0.484375 0.08125 0.1015625
2 0.4265625 0.4375 0.03125 0.03125
0 0.16171875 0.46484375 0.0265625 0.08203125
0 0.2734375 0.634765625 0.08125 0.3203125
0 0.3609375 0.4453125 0.01875 0.0390625
0 0.66015625 0.44921875 0.0203125 0.046875
0 0.765625 0.447265625 0.025 0.03515625
0 0.8203125 0.4609375 0.025 0.02734375
0 0.86015625 0.4521484375 0.0203125 0.052734375
0 0.87578125 0.4853515625 0.0421875 0.115234375
0 0.9875 0.4814453125 0.01875 0.103515625
2 0.51171875 0.4287109375 0.0296875 0.033203125
