2 0.965625 0.4580078125 0.05625 0.076171875
2 0.90234375 0.4765625 0.0328125 0.0390625
2 0.74765625 0.4658203125 0.0953125 0.037109375
2 0.69296875 0.4619140625 0.0484375 0.029296875
2 0.66953125 0.4580078125 0.0484375 0.029296875
2 0.503125 0.4599609375 0.046875 0.025390625
2 0.47890625 0.435546875 0.0203125 0.0234375
2 0.46171875 0.455078125 0.0203125 0.0234375
2 0.43984375 0.4521484375 0.0234375 0.029296875
2 0.3984375 0.4658203125 0.034375 0.029296875
2 0.35625 0.4736328125 0.04375 0.044921875
2 0.284375 0.48046875 0.053125 0.05078125
2 0.23515625 0.4833984375 0.0734375 0.056640625
2 0.04296875 0.48828125 0.0890625 0.17578125
2 0.32109375 0.4775390625 0.0171875 0.037109375
