0 0.378125 0.470703125 0.025 0.06640625
2 0.13984375 0.509765625 0.1359375 0.10546875
2 0.221875 0.5830078125 0.209375 0.177734375
2 0.328125 0.4794921875 0.06875 0.083984375
2 0.81640625 0.5615234375 0.1578125 0.146484375
2 0.75703125 0.5224609375 0.0765625 0.103515625
2 0.415625 0.498046875 0.0875 0.0859375
2 0.4734375 0.46875 0.053125 0.0546875
2 0.21484375 0.4775390625 0.0859375 0.052734375
2 0.70390625 0.482421875 0.0453125 0.078125
2 0.6625 0.4736328125 0.025 0.044921875
2 0.6265625 0.44921875 0.028125 0.02734375
