2 0.51875 0.5029296875 0.125 0.119140625
2 0.29375 0.47265625 0.053125 0.0546875
1 0.97578125 0.51953125 0.0421875 0.14453125
1 0.8078125 0.4931640625 0.05 0.103515625
1 0.3578125 0.4921875 0.05 0.02734375
0 0.40703125 0.478515625 0.0234375 0.10546875
0 0.621875 0.46875 0.034375 0.06640625
0 0.5984375 0.458984375 0.015625 0.046875
0 0.253125 0.474609375 0.025 0.05859375
1 0.76015625 0.49609375 0.0359375 0.08984375
0 0.39296875 0.4765625 0.0203125 0.08203125
2 0.37421875 0.458984375 0.0203125 0.03515625
0 0.359375 0.458984375 0.01875 0.03515625
0 0.34140625 0.45703125 0.0203125 0.03515625
0 0.68671875 0.44921875 0.0171875 0.0546875
