0 0.8609375 0.462890625 0.03125 0.1171875
0 0.8203125 0.46875 0.03125 0.11328125
0 0.75390625 0.462890625 0.0234375 0.08203125
0 0.76953125 0.4453125 0.0109375 0.04296875
0 0.6796875 0.4580078125 0.021875 0.056640625
0 0.6625 0.455078125 0.015625 0.05078125
0 0.6515625 0.4521484375 0.01875 0.056640625
0 0.63828125 0.4560546875 0.0109375 0.044921875
0 0.62421875 0.4658203125 0.0203125 0.060546875
0 0.60078125 0.4619140625 0.0203125 0.056640625
0 0.53515625 0.458984375 0.0171875 0.03515625
2 0.40703125 0.4677734375 0.0703125 0.076171875
2 0.36484375 0.4619140625 0.0234375 0.029296875
2 0.34140625 0.4697265625 0.0234375 0.037109375
2 0.3109375 0.4736328125 0.05 0.056640625
0 0.15 0.4814453125 0.01875 0.048828125
0 0.159375 0.482421875 0.0125 0.046875
