2 0.859375 0.5419921875 0.275 0.232421875
2 0.69609375 0.4482421875 0.0328125 0.037109375
0 0.640625 0.4521484375 0.01875 0.044921875
0 0.6078125 0.4599609375 0.015625 0.037109375
2 0.615625 0.4560546875 0.034375 0.041015625
2 0.4453125 0.4677734375 0.046875 0.052734375
2 0.41015625 0.4609375 0.0203125 0.03125
2 0.25 0.48046875 0.046875 0.046875
2 0.19765625 0.484375 0.0453125 0.0390625
2 0.50234375 0.466796875 0.0328125 0.03125
2 0.36484375 0.46484375 0.0234375 0.02734375
2 0.340625 0.4677734375 0.021875 0.033203125
2 0.31640625 0.470703125 0.0296875 0.0390625
2 0.2828125 0.4736328125 0.021875 0.037109375
