2 0.984375 0.4833984375 0.025 0.041015625
2 0.9328125 0.4716796875 0.075 0.060546875
2 0.87265625 0.4736328125 0.0234375 0.037109375
2 0.7953125 0.470703125 0.11875 0.07421875
2 0.71875 0.4697265625 0.034375 0.033203125
2 0.63671875 0.48046875 0.0765625 0.0546875
2 0.59375 0.4716796875 0.021875 0.029296875
2 0.5421875 0.4794921875 0.08125 0.044921875
2 0.49453125 0.48046875 0.0921875 0.046875
2 0.39765625 0.474609375 0.0703125 0.078125
2 0.25859375 0.4658203125 0.0515625 0.037109375
2 0.22421875 0.46875 0.0515625 0.03125
2 0.34609375 0.470703125 0.0328125 0.046875
