0 0.69765625 0.509765625 0.0671875 0.2734375
1 0.3125 0.50390625 0.01875 0.03515625
2 0.16171875 0.5009765625 0.1203125 0.087890625
2 0.234375 0.4951171875 0.028125 0.076171875
2 0.26328125 0.4892578125 0.0359375 0.072265625
2 0.29140625 0.478515625 0.0203125 0.0625
2 0.80234375 0.5166015625 0.1484375 0.177734375
2 0.64375 0.5068359375 0.040625 0.111328125
2 0.59453125 0.494140625 0.0609375 0.0859375
2 0.55390625 0.4892578125 0.0234375 0.068359375
2 0.53671875 0.48046875 0.0171875 0.0546875
2 0.5375 0.4677734375 0.04375 0.068359375
2 0.5109375 0.478515625 0.021875 0.03515625
2 0.490625 0.47265625 0.021875 0.02734375
2 0.45078125 0.4716796875 0.0203125 0.025390625
0 0.31171875 0.4638671875 0.0234375 0.044921875
2 0.3375 0.4765625 0.028125 0.03515625
