0 0.4203125 0.462890625 0.025 0.07421875
0 0.38828125 0.462890625 0.0234375 0.06640625
2 0.5875 0.4755859375 0.059375 0.056640625
2 0.28203125 0.4677734375 0.0890625 0.083984375
2 0.34375 0.4716796875 0.04375 0.056640625
0 0.49453125 0.451171875 0.0140625 0.0234375
0 0.10390625 0.462890625 0.0203125 0.04296875
0 0.05859375 0.458984375 0.0265625 0.0390625
0 0.0109375 0.451171875 0.021875 0.0234375
0 0.03671875 0.4501953125 0.0234375 0.025390625
1 0.1859375 0.51171875 0.021875 0.05078125
1 0.16796875 0.51171875 0.0203125 0.046875
1 0.053125 0.5361328125 0.028125 0.072265625
1 0.0765625 0.5322265625 0.021875 0.068359375
1 0.959375 0.7060546875 0.059375 0.126953125
1 0.9296875 0.677734375 0.05625 0.12109375
