0 0.9046875 0.7421875 0.084375 0.40625
0 0.4015625 0.4912109375 0.028125 0.119140625
0 0.37109375 0.5009765625 0.0296875 0.107421875
0 0.346875 0.49609375 0.03125 0.12109375
2 0.03984375 0.638671875 0.0828125 0.2109375
2 0.1671875 0.5654296875 0.3 0.138671875
2 0.24296875 0.4970703125 0.1328125 0.064453125
2 0.56640625 0.453125 0.0265625 0.0390625
2 0.5953125 0.46484375 0.053125 0.05859375
2 0.61328125 0.48828125 0.0546875 0.0625
2 0.671875 0.515625 0.1 0.08203125
2 0.76171875 0.57421875 0.1328125 0.1484375
2 0.81796875 0.6455078125 0.1203125 0.224609375
2 0.96171875 0.611328125 0.0671875 0.1328125
2 0.88828125 0.484375 0.1328125 0.078125
2 0.9375 0.5048828125 0.1125 0.087890625
2 0.31875 0.4599609375 0.071875 0.041015625
2 0.428125 0.458984375 0.028125 0.03125
2 0.45078125 0.447265625 0.0265625 0.02734375
2 0.46171875 0.4384765625 0.0234375 0.025390625
0 0.70390625 0.47265625 0.0234375 0.04296875
0 0.67265625 0.4580078125 0.0234375 0.037109375
0 0.653125 0.45703125 0.01875 0.03515625
0 0.18203125 0.46484375 0.0328125 0.046875
