0 0.6546875 0.4521484375 0.0375 0.123046875
2 0.5921875 0.455078125 0.096875 0.12890625
2 0.53515625 0.4521484375 0.0296875 0.072265625
2 0.503125 0.4599609375 0.05625 0.060546875
2 0.4625 0.45703125 0.053125 0.05859375
2 0.4265625 0.455078125 0.053125 0.05859375
2 0.35390625 0.4501953125 0.0703125 0.072265625
2 0.2796875 0.4541015625 0.046875 0.041015625
2 0.2359375 0.4619140625 0.04375 0.037109375
2 0.13125 0.4765625 0.0375 0.07421875
2 0.0734375 0.4873046875 0.10625 0.103515625
2 0.16015625 0.47265625 0.0203125 0.05859375
