2 0.56953125 0.5595703125 0.2890625 0.263671875
1 0.26796875 0.5263671875 0.0234375 0.044921875
1 0.06640625 0.5263671875 0.0296875 0.083984375
1 0.7375 0.521484375 0.084375 0.0546875
0 0.89296875 0.4716796875 0.0296875 0.103515625
0 0.86875 0.48828125 0.034375 0.12890625
3 0.8546875 0.4990234375 0.0125 0.029296875
0 0.15703125 0.46875 0.0234375 0.06640625
0 0.125 0.470703125 0.021875 0.0703125
0 0.73359375 0.4638671875 0.0328125 0.072265625
2 0.4140625 0.4599609375 0.01875 0.025390625
2 0.4046875 0.46484375 0.021875 0.02734375
2 0.39140625 0.466796875 0.0203125 0.03125
0 0.2703125 0.4716796875 0.028125 0.060546875
0 0.078125 0.46875 0.053125 0.09375
