2 0.86015625 0.6552734375 0.2703125 0.326171875
2 0.75546875 0.5732421875 0.2109375 0.216796875
2 0.29609375 0.484375 0.1171875 0.05859375
2 0.05234375 0.6240234375 0.1078125 0.193359375
0 0.6 0.490234375 0.021875 0.0625
0 0.0671875 0.453125 0.025 0.0546875
0 0.04375 0.453125 0.028125 0.04296875
0 0.009375 0.4599609375 0.01875 0.060546875
2 0.34453125 0.45703125 0.0578125 0.05078125
2 0.0875 0.521484375 0.134375 0.08984375
0 0.12265625 0.4755859375 0.0140625 0.048828125
2 0.1796875 0.474609375 0.06875 0.05859375
2 0.47421875 0.4658203125 0.0421875 0.041015625
2 0.49609375 0.4619140625 0.0265625 0.037109375
2 0.534375 0.45703125 0.03125 0.03125
2 0.62890625 0.46484375 0.0359375 0.03515625
2 0.28046875 0.45703125 0.0546875 0.04296875
