0 0.81953125 0.46484375 0.0234375 0.046875
0 0.41328125 0.455078125 0.0203125 0.05078125
0 0.18671875 0.4443359375 0.0203125 0.072265625
0 0.21328125 0.443359375 0.0203125 0.0703125
0 0.6984375 0.4658203125 0.015625 0.044921875
2 0.91796875 0.619140625 0.1515625 0.24609375
2 0.809375 0.556640625 0.159375 0.12890625
2 0.54375 0.4580078125 0.040625 0.041015625
2 0.615625 0.4716796875 0.0375 0.037109375
0 0.4703125 0.4501953125 0.009375 0.029296875
0 0.315625 0.44140625 0.01875 0.0234375
0 0.33046875 0.447265625 0.0203125 0.03125
0 0.3421875 0.443359375 0.01875 0.0234375
