2 0.640625 0.44921875 0.090625 0.1015625
2 0.35859375 0.4326171875 0.0796875 0.068359375
2 0.196875 0.4267578125 0.065625 0.056640625
0 0.4078125 0.431640625 0.025 0.08203125
0 0.55546875 0.4375 0.0203125 0.078125
0 0.5796875 0.439453125 0.025 0.08203125
2 0.06484375 0.4248046875 0.0859375 0.091796875
2 0.12109375 0.421875 0.0515625 0.07421875
2 0.1078125 0.3974609375 0.103125 0.072265625
2 0.265625 0.447265625 0.11875 0.1015625
2 0.42890625 0.42578125 0.0328125 0.04296875
2 0.45 0.4228515625 0.021875 0.037109375
2 0.4578125 0.4169921875 0.034375 0.037109375
