2 0.80859375 0.4619140625 0.0578125 0.083984375
2 0.9234375 0.4482421875 0.14375 0.146484375
2 0.95 0.4873046875 0.0875 0.115234375
0 0.6625 0.486328125 0.046875 0.12109375
0 0.690625 0.4736328125 0.046875 0.146484375
0 0.16640625 0.4794921875 0.0171875 0.044921875
0 0.371875 0.4599609375 0.009375 0.029296875
0 0.378125 0.458984375 0.009375 0.03125
2 0.63984375 0.4443359375 0.0203125 0.029296875
2 0.72890625 0.455078125 0.0359375 0.0625
0 0.60546875 0.453125 0.0203125 0.05859375
0 0.5484375 0.4560546875 0.01875 0.044921875
0 0.12578125 0.48828125 0.0203125 0.03515625
0 0.109375 0.4912109375 0.021875 0.052734375
