1 0.346875 0.5419921875 0.03125 0.076171875
0 0.34296875 0.4853515625 0.0546875 0.146484375
2 0.8078125 0.462890625 0.05625 0.0703125
2 0.92265625 0.447265625 0.1484375 0.13671875
2 0.95 0.4873046875 0.09375 0.119140625
2 0.64296875 0.447265625 0.0234375 0.03125
2 0.72890625 0.455078125 0.0359375 0.05859375
0 0.165625 0.4765625 0.021875 0.04296875
0 0.41953125 0.4580078125 0.0109375 0.025390625
0 0.428125 0.4560546875 0.0125 0.029296875
0 0.4359375 0.45703125 0.009375 0.02734375
0 0.12734375 0.486328125 0.0234375 0.03125
