2 0.734375 0.513671875 0.259375 0.18359375
2 0.62578125 0.4765625 0.1203125 0.12890625
2 0.56484375 0.4638671875 0.0921875 0.115234375
2 0.1875 0.458984375 0.10625 0.08984375
2 0.2671875 0.4560546875 0.05625 0.052734375
2 0.284375 0.44921875 0.046875 0.05859375
2 0.3328125 0.4453125 0.03125 0.04296875
2 0.515625 0.455078125 0.053125 0.05859375
2 0.3109375 0.4501953125 0.0125 0.044921875
2 0.48515625 0.44921875 0.0265625 0.046875
2 0.46328125 0.4443359375 0.0203125 0.037109375
2 0.3546875 0.4423828125 0.01875 0.037109375
2 0.4171875 0.4248046875 0.01875 0.021484375
2 0.38046875 0.4267578125 0.0171875 0.021484375
