2 0.19375 0.5302734375 0.178125 0.166015625
2 0.3 0.517578125 0.046875 0.0859375
2 0.3359375 0.5029296875 0.046875 0.068359375
2 0.35859375 0.4912109375 0.0359375 0.060546875
2 0.3796875 0.4765625 0.046875 0.08203125
2 0.63046875 0.498046875 0.0578125 0.07421875
2 0.6671875 0.521484375 0.0875 0.10546875
2 0.84765625 0.6279296875 0.2828125 0.228515625
0 0.40859375 0.4736328125 0.0203125 0.060546875
0 0.00859375 0.455078125 0.0203125 0.0390625
2 0.59609375 0.482421875 0.0328125 0.0546875
2 0.584375 0.46875 0.0375 0.05078125
2 0.43046875 0.4580078125 0.0296875 0.041015625
2 0.4484375 0.4560546875 0.021875 0.029296875
2 0.4609375 0.4482421875 0.021875 0.033203125
