2 0.72578125 0.533203125 0.1296875 0.12890625
2 0.39921875 0.4951171875 0.0515625 0.064453125
2 0.375 0.4990234375 0.034375 0.068359375
2 0.3296875 0.5009765625 0.075 0.099609375
2 0.25390625 0.5166015625 0.1421875 0.107421875
2 0.0828125 0.5341796875 0.165625 0.248046875
0 0.4328125 0.486328125 0.021875 0.0703125
0 0.4515625 0.4921875 0.021875 0.06640625
0 0.60859375 0.4931640625 0.0234375 0.103515625
0 0.5953125 0.494140625 0.03125 0.109375
0 0.6484375 0.509765625 0.0625 0.1875
2 0.46328125 0.470703125 0.0296875 0.0390625
2 0.55234375 0.4775390625 0.0328125 0.033203125
2 0.85625 0.5087890625 0.028125 0.052734375
