2 0.053125 0.490234375 0.109375 0.1328125
2 0.125 0.48046875 0.1125 0.078125
2 0.1859375 0.4609375 0.1625 0.09375
2 0.27265625 0.4560546875 0.0703125 0.060546875
2 0.56953125 0.4677734375 0.0734375 0.056640625
2 0.6515625 0.4697265625 0.103125 0.083984375
2 0.64921875 0.4970703125 0.0453125 0.056640625
2 0.83125 0.4892578125 0.33125 0.216796875
2 0.8890625 0.51171875 0.2125 0.23828125
0 0.3296875 0.4541015625 0.0125 0.044921875
0 0.3578125 0.455078125 0.015625 0.05078125
2 0.57109375 0.4794921875 0.0578125 0.044921875
2 0.53515625 0.4609375 0.0140625 0.01953125
2 0.27578125 0.466796875 0.0546875 0.0546875
