0 0.18125 0.5478515625 0.059375 0.162109375
1 0.18203125 0.630859375 0.0515625 0.109375
0 0.49375 0.466796875 0.025 0.05859375
0 0.4234375 0.462890625 0.021875 0.05078125
2 0.08515625 0.59375 0.1734375 0.17578125
2 0.190625 0.5283203125 0.125 0.103515625
2 0.25703125 0.5166015625 0.0828125 0.076171875
2 0.29765625 0.4990234375 0.0703125 0.068359375
2 0.34765625 0.4931640625 0.0609375 0.060546875
2 0.37578125 0.4755859375 0.0546875 0.056640625
2 0.8453125 0.7138671875 0.303125 0.333984375
2 0.73984375 0.5849609375 0.1796875 0.189453125
2 0.6828125 0.533203125 0.1375 0.17578125
2 0.5109375 0.4560546875 0.0375 0.052734375
2 0.4140625 0.4521484375 0.034375 0.041015625
2 0.4453125 0.44921875 0.025 0.02734375
2 0.6140625 0.509765625 0.04375 0.09765625
2 0.60234375 0.4921875 0.0484375 0.07421875
2 0.58203125 0.4658203125 0.0578125 0.076171875
2 0.79921875 0.4482421875 0.0984375 0.044921875
2 0.721875 0.4375 0.034375 0.0234375
