0 0.68671875 0.48046875 0.0453125 0.15234375
2 0.6171875 0.4599609375 0.08125 0.083984375
2 0.56171875 0.44921875 0.0328125 0.06640625
2 0.540625 0.453125 0.015625 0.046875
2 0.52578125 0.4501953125 0.0234375 0.037109375
2 0.50859375 0.443359375 0.0203125 0.02734375
2 0.46484375 0.4619140625 0.0734375 0.076171875
2 0.34453125 0.4599609375 0.0453125 0.076171875
2 0.27421875 0.46875 0.0953125 0.08984375
1 0.72578125 0.5185546875 0.0359375 0.068359375
1 0.64609375 0.5205078125 0.0453125 0.048828125
