2 0.0640625 0.5400390625 0.13125 0.224609375
2 0.88359375 0.552734375 0.2265625 0.33984375
2 0.77734375 0.5087890625 0.0953125 0.193359375
2 0.15625 0.505859375 0.190625 0.1328125
2 0.0953125 0.5078125 0.19375 0.15625
2 0.2375 0.4990234375 0.2 0.138671875
2 0.671875 0.5224609375 0.13125 0.087890625
2 0.58515625 0.5224609375 0.0796875 0.072265625
2 0.465625 0.5107421875 0.084375 0.048828125
2 0.4109375 0.505859375 0.04375 0.0546875
2 0.38203125 0.5029296875 0.0359375 0.052734375
2 0.3515625 0.501953125 0.046875 0.046875
