2 0.684375 0.5 0.20625 0.18359375
2 0.8296875 0.4619140625 0.084375 0.041015625
2 0.55703125 0.4892578125 0.0546875 0.060546875
2 0.453125 0.4970703125 0.028125 0.037109375
2 0.425 0.5029296875 0.021875 0.025390625
2 0.4078125 0.505859375 0.01875 0.02734375
2 0.39609375 0.5009765625 0.0203125 0.033203125
2 0.371875 0.494140625 0.028125 0.04296875
2 0.3515625 0.49609375 0.025 0.03515625
2 0.3171875 0.49609375 0.046875 0.0546875
2 0.2484375 0.49609375 0.0875 0.08984375
0 0.1484375 0.494140625 0.025 0.07421875
0 0.0546875 0.498046875 0.021875 0.078125
2 0.490625 0.5048828125 0.025 0.029296875
