2 0.04375 0.6240234375 0.0875 0.193359375
2 0.125 0.5673828125 0.165625 0.181640625
2 0.2375 0.513671875 0.065625 0.0859375
0 0.2828125 0.517578125 0.040625 0.140625
2 0.30390625 0.5 0.0453125 0.0625
2 0.3390625 0.486328125 0.05 0.0546875
2 0.5828125 0.4892578125 0.05625 0.064453125
1 0.6171875 0.505859375 0.084375 0.0625
2 0.81171875 0.494140625 0.0671875 0.07421875
2 0.9390625 0.49609375 0.05 0.0625
2 0.96328125 0.4697265625 0.0671875 0.068359375
2 0.66015625 0.4609375 0.0453125 0.05078125
2 0.375 0.4609375 0.046875 0.046875
2 0.40234375 0.4560546875 0.0265625 0.029296875
1 0.97265625 0.603515625 0.0453125 0.07421875
