2 0.865625 0.4970703125 0.08125 0.076171875
2 0.77265625 0.4990234375 0.0515625 0.060546875
2 0.759375 0.46875 0.084375 0.0703125
2 0.68125 0.470703125 0.059375 0.06640625
2 0.36171875 0.453125 0.0296875 0.0390625
2 0.30234375 0.4580078125 0.0296875 0.033203125
2 0.10859375 0.462890625 0.0359375 0.0625
2 0.06875 0.462890625 0.028125 0.0546875
2 0.59375 0.470703125 0.04375 0.0390625
0 0.44140625 0.4765625 0.0265625 0.0859375
2 0.2 0.4541015625 0.021875 0.041015625
2 0.1765625 0.453125 0.01875 0.03515625
2 0.9140625 0.4853515625 0.096875 0.041015625
