1 0.13515625 0.5126953125 0.0296875 0.083984375
2 0.8203125 0.515625 0.278125 0.23046875
2 0.68984375 0.4794921875 0.1484375 0.173828125
2 0.615625 0.484375 0.05 0.10546875
2 0.584375 0.482421875 0.05625 0.08203125
2 0.0296875 0.474609375 0.0625 0.1015625
2 0.50390625 0.4560546875 0.0453125 0.052734375
2 0.4765625 0.45703125 0.01875 0.0390625
2 0.46328125 0.455078125 0.0203125 0.02734375
2 0.45 0.4541015625 0.015625 0.021484375
2 0.4375 0.455078125 0.0125 0.01953125
2 0.396875 0.4541015625 0.015625 0.017578125
2 0.38125 0.45703125 0.021875 0.0234375
2 0.36171875 0.4599609375 0.0203125 0.029296875
2 0.3421875 0.4580078125 0.01875 0.037109375
2 0.31484375 0.4599609375 0.0453125 0.041015625
0 0.14140625 0.4423828125 0.0359375 0.068359375
