0 0.609375 0.572265625 0.090625 0.234375
0 0.44609375 0.5517578125 0.0546875 0.216796875
0 0.38125 0.4716796875 0.03125 0.072265625
0 0.2890625 0.5126953125 0.028125 0.107421875
1 0.3828125 0.51171875 0.025 0.046875
1 0.44609375 0.6328125 0.0296875 0.12109375
2 0.86796875 0.7041015625 0.2578125 0.435546875
2 0.740625 0.595703125 0.15625 0.18359375
2 0.6984375 0.5185546875 0.103125 0.091796875
2 0.32265625 0.498046875 0.0484375 0.08203125
2 0.2609375 0.51171875 0.059375 0.1171875
2 0.15234375 0.544921875 0.1828125 0.1796875
2 0.05703125 0.6328125 0.1140625 0.21484375
2 0.75546875 0.451171875 0.0734375 0.0390625
2 0.73828125 0.4443359375 0.0828125 0.044921875
2 0.62890625 0.4443359375 0.0703125 0.029296875
2 0.359375 0.4765625 0.025 0.0703125
2 0.40390625 0.4638671875 0.0234375 0.041015625
2 0.4640625 0.443359375 0.025 0.03125
2 0.5765625 0.4716796875 0.046875 0.064453125
2 0.56640625 0.4619140625 0.0453125 0.056640625
2 0.54296875 0.4541015625 0.0296875 0.037109375
