2 0.92109375 0.623046875 0.1484375 0.24609375
2 0.753125 0.5419921875 0.140625 0.126953125
2 0.6890625 0.5107421875 0.084375 0.095703125
2 0.65546875 0.4951171875 0.0546875 0.064453125
2 0.62890625 0.4794921875 0.0671875 0.072265625
2 0.5671875 0.4609375 0.0375 0.0390625
0 0.2859375 0.46484375 0.01875 0.05078125
0 0.30234375 0.46875 0.0203125 0.0546875
0 0.31328125 0.4658203125 0.0171875 0.048828125
0 0.3859375 0.4560546875 0.0125 0.037109375
0 0.39765625 0.4560546875 0.0109375 0.037109375
0 0.43125 0.453125 0.015625 0.04296875
2 0.49453125 0.451171875 0.0265625 0.02734375
2 0.77421875 0.4638671875 0.0328125 0.041015625
