2 0.8671875 0.4677734375 0.034375 0.087890625
0 0.95625 0.490234375 0.0625 0.265625
0 0.90703125 0.5068359375 0.0703125 0.251953125
0 0.8140625 0.4921875 0.075 0.23046875
0 0.765625 0.484375 0.0375 0.18359375
0 0.72578125 0.4990234375 0.0609375 0.240234375
0 0.67578125 0.49609375 0.0578125 0.1875
0 0.20859375 0.484375 0.0203125 0.05859375
0 0.43984375 0.4599609375 0.0234375 0.060546875
0 0.12421875 0.4853515625 0.0234375 0.033203125
0 0.1078125 0.4951171875 0.021875 0.052734375
0 0.62734375 0.458984375 0.0265625 0.07421875
0 0.60390625 0.44921875 0.0234375 0.046875
0 0.553125 0.451171875 0.021875 0.05078125
