2 0.578125 0.4677734375 0.059375 0.060546875
2 0.4109375 0.46484375 0.040625 0.04296875
2 0.315625 0.4638671875 0.040625 0.041015625
2 0.253125 0.4609375 0.059375 0.0546875
2 0.16015625 0.52734375 0.1421875 0.13671875
2 0.06328125 0.5517578125 0.1234375 0.197265625
2 0.721875 0.5283203125 0.1625 0.169921875
2 0.828125 0.595703125 0.26875 0.234375
2 0.89140625 0.751953125 0.2078125 0.47265625
0 0.5265625 0.458984375 0.021875 0.046875
0 0.45 0.4619140625 0.01875 0.044921875
2 0.371875 0.47265625 0.05625 0.05859375
2 0.34453125 0.458984375 0.0296875 0.0390625
