2 0.090625 0.6044921875 0.184375 0.197265625
2 0.18828125 0.5361328125 0.1453125 0.166015625
2 0.2765625 0.5185546875 0.071875 0.103515625
2 0.32109375 0.5048828125 0.0609375 0.076171875
2 0.3578125 0.474609375 0.05625 0.05859375
2 0.6140625 0.4873046875 0.075 0.083984375
2 0.63203125 0.5205078125 0.0515625 0.083984375
2 0.69296875 0.541015625 0.1515625 0.140625
2 0.775 0.60546875 0.2125 0.18359375
2 0.8921875 0.7529296875 0.20625 0.384765625
2 0.421875 0.4541015625 0.03125 0.041015625
0 0.52734375 0.4521484375 0.0203125 0.044921875
0 0.51171875 0.451171875 0.0203125 0.05078125
2 0.40390625 0.4658203125 0.0234375 0.044921875
2 0.54765625 0.45703125 0.0296875 0.046875
2 0.5703125 0.470703125 0.0375 0.05859375
