2 0.0328125 0.517578125 0.06875 0.125
2 0.1109375 0.5078125 0.096875 0.1015625
2 0.1859375 0.4912109375 0.06875 0.087890625
2 0.34375 0.48046875 0.028125 0.0390625
2 0.3375 0.4765625 0.025 0.0390625
2 0.67578125 0.498046875 0.0984375 0.09375
2 0.63046875 0.4775390625 0.0765625 0.087890625
2 0.93203125 0.466796875 0.0703125 0.046875
2 0.91953125 0.458984375 0.0765625 0.046875
2 0.87109375 0.4609375 0.0609375 0.04296875
2 0.83984375 0.4560546875 0.0546875 0.041015625
2 0.8109375 0.453125 0.05625 0.046875
2 0.78046875 0.44921875 0.0453125 0.03515625
2 0.51796875 0.470703125 0.0328125 0.03515625
2 0.390625 0.46875 0.028125 0.0234375
2 0.37265625 0.470703125 0.0203125 0.03125
2 0.3078125 0.478515625 0.0375 0.0390625
2 0.2640625 0.4716796875 0.034375 0.037109375
