1 0.08125 0.5078125 0.075 0.09765625
1 0.14921875 0.5234375 0.0609375 0.1171875
0 0.3 0.47265625 0.025 0.1015625
0 0.409375 0.4599609375 0.021875 0.052734375
2 0.721875 0.513671875 0.053125 0.09765625
2 0.7890625 0.5390625 0.165625 0.15234375
0 0.459375 0.455078125 0.015625 0.03515625
0 0.44921875 0.4609375 0.0171875 0.05078125
0 0.5015625 0.45703125 0.0125 0.04296875
1 0.26015625 0.5009765625 0.0453125 0.091796875
2 0.70859375 0.4892578125 0.0734375 0.083984375
2 0.665625 0.470703125 0.046875 0.046875
0 0.4265625 0.4677734375 0.01875 0.052734375
