2 0.68125 0.4677734375 0.096875 0.076171875
2 0.7609375 0.4951171875 0.159375 0.103515625
2 0.35625 0.453125 0.021875 0.02734375
2 0.42578125 0.4541015625 0.0203125 0.025390625
0 0.05859375 0.4677734375 0.0671875 0.166015625
0 0.1359375 0.4619140625 0.04375 0.103515625
0 0.1796875 0.4541015625 0.034375 0.099609375
1 0.0609375 0.5263671875 0.059375 0.119140625
1 0.1359375 0.5 0.034375 0.0703125
1 0.18125 0.4833984375 0.03125 0.060546875
0 0.27421875 0.4609375 0.0234375 0.0546875
0 0.23515625 0.455078125 0.0296875 0.0703125
1 0.234375 0.4833984375 0.028125 0.037109375
1 0.2765625 0.4794921875 0.021875 0.033203125
