1 0.78359375 0.591796875 0.0828125 0.09375
1 0.88671875 0.580078125 0.0921875 0.12890625
1 0.5015625 0.5546875 0.103125 0.1640625
1 0.3953125 0.568359375 0.071875 0.12109375
1 0.2671875 0.564453125 0.05625 0.07421875
1 0.278125 0.5029296875 0.040625 0.068359375
1 0.2015625 0.564453125 0.05 0.07421875
1 0.153125 0.5224609375 0.03125 0.056640625
0 0.834375 0.521484375 0.078125 0.1875
0 0.4453125 0.4912109375 0.115625 0.251953125
0 0.2734375 0.4462890625 0.05625 0.134765625
0 0.22578125 0.48828125 0.0578125 0.18359375
0 0.15234375 0.4765625 0.0421875 0.09375
2 0.18046875 0.4716796875 0.0546875 0.076171875
2 0.040625 0.5 0.084375 0.12109375
2 0.546875 0.4765625 0.08125 0.08203125
2 0.353125 0.46875 0.046875 0.05078125
2 0.31953125 0.482421875 0.0671875 0.0625
