2 0.1203125 0.6318359375 0.240625 0.326171875
2 0.1921875 0.4775390625 0.1 0.083984375
2 0.35625 0.49609375 0.090625 0.08984375
2 0.4140625 0.466796875 0.05625 0.0625
2 0.6359375 0.4814453125 0.065625 0.056640625
2 0.9328125 0.681640625 0.128125 0.25
2 0.446875 0.4619140625 0.034375 0.037109375
2 0.53125 0.4501953125 0.034375 0.029296875
2 0.2546875 0.462890625 0.0625 0.0625
2 0.05703125 0.4521484375 0.0734375 0.060546875
2 0.596875 0.462890625 0.040625 0.046875
2 0.575 0.45703125 0.025 0.03125
2 0.4765625 0.4462890625 0.025 0.033203125
