2 0.7171875 0.515625 0.15625 0.12890625
2 0.56015625 0.482421875 0.0953125 0.08984375
2 0.44453125 0.4970703125 0.0265625 0.025390625
2 0.4140625 0.498046875 0.021875 0.0234375
2 0.403125 0.49609375 0.021875 0.02734375
2 0.3796875 0.490234375 0.028125 0.03515625
2 0.3625 0.4873046875 0.01875 0.037109375
2 0.325 0.4853515625 0.05625 0.052734375
0 0.22578125 0.4853515625 0.0234375 0.052734375
0 0.175 0.486328125 0.01875 0.05078125
0 0.1515625 0.4912109375 0.021875 0.041015625
0 0.115625 0.4970703125 0.01875 0.037109375
0 0.0859375 0.4951171875 0.021875 0.044921875
