2 0.6203125 0.4765625 0.046875 0.07421875
0 0.57421875 0.498046875 0.0453125 0.140625
2 0.53828125 0.458984375 0.0265625 0.0703125
2 0.51796875 0.4453125 0.0203125 0.06640625
2 0.5015625 0.439453125 0.01875 0.05859375
2 0.48984375 0.404296875 0.0296875 0.0390625
2 0.47890625 0.3837890625 0.0265625 0.037109375
2 0.46015625 0.3798828125 0.0203125 0.025390625
2 0.36953125 0.3818359375 0.0296875 0.029296875
2 0.35390625 0.3955078125 0.0234375 0.029296875
2 0.34375 0.4091796875 0.028125 0.033203125
2 0.33359375 0.4208984375 0.0265625 0.044921875
2 0.31875 0.4306640625 0.028125 0.044921875
2 0.2890625 0.44140625 0.046875 0.05078125
2 0.21328125 0.4755859375 0.0921875 0.083984375
2 0.084375 0.44140625 0.075 0.0625
2 0.0296875 0.44140625 0.028125 0.05859375
