2 0.8875 0.6640625 0.209375 0.296875
2 0.92265625 0.4765625 0.1421875 0.0859375
2 0.16328125 0.4580078125 0.0859375 0.056640625
2 0.078125 0.4482421875 0.08125 0.044921875
2 0.0234375 0.4453125 0.04375 0.05078125
0 0.26953125 0.44921875 0.0265625 0.06640625
0 0.53203125 0.482421875 0.0296875 0.09375
1 0.5625 0.4931640625 0.034375 0.052734375
1 0.6015625 0.4697265625 0.028125 0.044921875
0 0.42890625 0.44140625 0.0234375 0.06640625
0 0.096875 0.427734375 0.021875 0.03125
0 0.12890625 0.4404296875 0.0171875 0.052734375
1 0.128125 0.46875 0.01875 0.03125
0 0.28515625 0.431640625 0.0234375 0.03125
