0 0.89375 0.5 0.03125 0.125
0 0.33359375 0.44140625 0.0234375 0.05078125
0 0.25078125 0.4423828125 0.0203125 0.052734375
2 0.590625 0.4716796875 0.075 0.068359375
2 0.5609375 0.45703125 0.046875 0.0546875
2 0.43984375 0.4326171875 0.0203125 0.025390625
0 0.06796875 0.46484375 0.0328125 0.0546875
2 0.07734375 0.44921875 0.0765625 0.03125
2 0.515625 0.431640625 0.034375 0.03125
0 0.01015625 0.5107421875 0.0234375 0.099609375
1 0.2015625 0.484375 0.028125 0.03125
1 0.15078125 0.505859375 0.0265625 0.0390625
