2 0.86796875 0.708984375 0.2578125 0.328125
2 0.73203125 0.5927734375 0.2265625 0.197265625
2 0.66640625 0.5205078125 0.1265625 0.126953125
2 0.58359375 0.4794921875 0.0578125 0.056640625
2 0.07265625 0.4716796875 0.1453125 0.119140625
2 0.1890625 0.47265625 0.0875 0.05859375
0 0.23984375 0.4931640625 0.0328125 0.076171875
2 0.2265625 0.4560546875 0.071875 0.056640625
2 0.32265625 0.458984375 0.0703125 0.04296875
2 0.43203125 0.4462890625 0.0265625 0.025390625
2 0.4890625 0.439453125 0.025 0.0234375
2 0.5484375 0.4560546875 0.0375 0.037109375
