2 0.58984375 0.4404296875 0.1078125 0.056640625
1 0.54921875 0.462890625 0.0265625 0.03515625
1 0.50859375 0.46875 0.0328125 0.03125
2 0.49609375 0.4248046875 0.0609375 0.056640625
2 0.4546875 0.431640625 0.025 0.03125
2 0.44609375 0.419921875 0.0328125 0.046875
2 0.428125 0.41796875 0.021875 0.03515625
2 0.3953125 0.41796875 0.025 0.03125
0 0.38046875 0.4404296875 0.0140625 0.068359375
0 0.36796875 0.4384765625 0.0171875 0.083984375
0 0.31953125 0.404296875 0.0109375 0.0234375
0 0.3078125 0.40234375 0.0125 0.02734375
2 0.13359375 0.4228515625 0.0328125 0.041015625
