3 0.11484375 0.521484375 0.0265625 0.03515625
0 0.1421875 0.4794921875 0.040625 0.115234375
2 0.18515625 0.4521484375 0.0703125 0.060546875
2 0.02734375 0.4609375 0.0546875 0.1171875
2 0.28359375 0.4619140625 0.1109375 0.060546875
2 0.5578125 0.4697265625 0.05 0.044921875
2 0.62421875 0.482421875 0.0515625 0.05859375
2 0.6734375 0.498046875 0.075 0.10546875
2 0.7359375 0.5205078125 0.121875 0.130859375
2 0.759375 0.5517578125 0.128125 0.154296875
2 0.8734375 0.5927734375 0.24375 0.208984375
2 0.0515625 0.4453125 0.078125 0.109375
2 0.09765625 0.45703125 0.0421875 0.08984375
2 0.4421875 0.453125 0.021875 0.03125
2 0.48125 0.4560546875 0.028125 0.025390625
2 0.6328125 0.4912109375 0.025 0.064453125
