0 0.609375 0.5546875 0.1625 0.37109375
0 0.24296875 0.4990234375 0.0296875 0.119140625
0 0.06953125 0.482421875 0.0234375 0.08984375
2 0.81015625 0.5322265625 0.3453125 0.244140625
2 0.43203125 0.486328125 0.2515625 0.171875
2 0.30234375 0.50390625 0.0296875 0.07421875
2 0.29453125 0.494140625 0.0609375 0.0859375
2 0.21328125 0.48828125 0.0453125 0.06640625
2 0.17265625 0.4912109375 0.0296875 0.060546875
0 0.12578125 0.484375 0.0265625 0.08203125
2 0.1515625 0.4873046875 0.021875 0.068359375
2 0.0984375 0.4853515625 0.03125 0.060546875
