0 0.0109375 0.51953125 0.025 0.15234375
0 0.0421875 0.515625 0.040625 0.14453125
0 0.3921875 0.533203125 0.046875 0.18359375
0 0.61484375 0.5576171875 0.0671875 0.185546875
1 0.39765625 0.595703125 0.0359375 0.09765625
2 0.3078125 0.486328125 0.090625 0.078125
2 0.64765625 0.513671875 0.0421875 0.07421875
2 0.57890625 0.47265625 0.0328125 0.06640625
2 0.35234375 0.4873046875 0.0265625 0.060546875
2 0.61640625 0.4453125 0.0515625 0.046875
2 0.44375 0.4501953125 0.025 0.033203125
2 0.55703125 0.4658203125 0.0296875 0.052734375
