2 0.7140625 0.521484375 0.215625 0.16796875
2 0.6015625 0.49609375 0.096875 0.11328125
2 0.4453125 0.4736328125 0.0625 0.060546875
0 0.05078125 0.4482421875 0.0296875 0.083984375
0 0.12109375 0.458984375 0.0328125 0.09765625
0 0.146875 0.4580078125 0.021875 0.087890625
2 0.41171875 0.4560546875 0.0234375 0.025390625
0 0.284375 0.45703125 0.015625 0.0625
1 0.2375 0.48046875 0.015625 0.05078125
1 0.19765625 0.4853515625 0.0328125 0.052734375
1 0.0421875 0.5185546875 0.028125 0.056640625
1 0.0796875 0.515625 0.028125 0.0546875
0 0.56796875 0.447265625 0.0078125 0.03125
