0 0.734375 0.4775390625 0.03125 0.091796875
0 0.63984375 0.4580078125 0.0203125 0.041015625
1 0.6390625 0.5068359375 0.021875 0.044921875
0 0.5328125 0.46875 0.01875 0.04296875
0 0.5 0.466796875 0.01875 0.04296875
0 0.47421875 0.466796875 0.0234375 0.05078125
2 0.35078125 0.4521484375 0.0359375 0.037109375
2 0.31875 0.4580078125 0.034375 0.033203125
2 0.2703125 0.447265625 0.034375 0.03125
2 0.15078125 0.4580078125 0.0515625 0.037109375
2 0.0734375 0.482421875 0.146875 0.10546875
2 0.43671875 0.455078125 0.0234375 0.0234375
