0 0.9359375 0.583984375 0.121875 0.36328125
2 0.871875 0.4306640625 0.046875 0.166015625
2 0.76875 0.474609375 0.05 0.12109375
0 0.72421875 0.455078125 0.0296875 0.125
0 0.58359375 0.470703125 0.0328125 0.12109375
0 0.5421875 0.4833984375 0.028125 0.095703125
0 0.509375 0.494140625 0.025 0.0859375
0 0.5046875 0.4384765625 0.015625 0.025390625
2 0.446875 0.4609375 0.03125 0.03125
2 0.4203125 0.4453125 0.0125 0.015625
2 0.396875 0.453125 0.0125 0.01953125
2 0.37109375 0.455078125 0.0109375 0.01953125
2 0.35859375 0.45703125 0.0109375 0.01953125
2 0.34609375 0.4599609375 0.0203125 0.029296875
2 0.3265625 0.4619140625 0.021875 0.029296875
2 0.30859375 0.46875 0.0203125 0.03515625
2 0.28125 0.4609375 0.034375 0.05078125
2 0.2265625 0.484375 0.1 0.09375
0 0.825 0.53125 0.096875 0.3125
