1 0.9125 0.56640625 0.09375 0.14453125
1 0.80703125 0.5771484375 0.0859375 0.126953125
1 0.45546875 0.578125 0.0890625 0.1484375
1 0.35 0.5830078125 0.084375 0.134765625
1 0.146875 0.5673828125 0.034375 0.095703125
1 0.21484375 0.529296875 0.0328125 0.05078125
0 0.8609375 0.501953125 0.096875 0.21875
0 0.41328125 0.5166015625 0.0859375 0.236328125
0 0.14921875 0.5078125 0.0484375 0.16015625
0 0.2578125 0.470703125 0.01875 0.0859375
0 0.32265625 0.46875 0.0296875 0.06640625
2 0.54921875 0.4775390625 0.0765625 0.083984375
2 0.18828125 0.4736328125 0.0515625 0.087890625
2 0.040625 0.5009765625 0.08125 0.126953125
1 0.259375 0.5146484375 0.025 0.041015625
0 0.2796875 0.4736328125 0.01875 0.060546875
2 0.50546875 0.4794921875 0.0203125 0.044921875
2 0.49921875 0.47265625 0.0359375 0.04296875
