0 0.775 0.501953125 0.046875 0.1171875
0 0.6 0.4970703125 0.021875 0.087890625
1 0.60078125 0.5224609375 0.0234375 0.044921875
0 0.31875 0.474609375 0.021875 0.05859375
0 0.2640625 0.4619140625 0.021875 0.056640625
0 0.14453125 0.478515625 0.0234375 0.0703125
2 0.19609375 0.5517578125 0.1828125 0.154296875
2 0.434375 0.4453125 0.04375 0.02734375
2 0.46484375 0.4482421875 0.0296875 0.029296875
2 0.70078125 0.4560546875 0.0671875 0.041015625
2 0.55625 0.4560546875 0.03125 0.033203125
2 0.6203125 0.470703125 0.040625 0.0546875
