1 0.525 0.4833984375 0.01875 0.072265625
1 0.48046875 0.4853515625 0.0171875 0.068359375
0 0.1484375 0.4453125 0.025 0.08203125
1 0.6390625 0.482421875 0.028125 0.05078125
2 0.98359375 0.4208984375 0.0265625 0.048828125
1 0.4203125 0.4521484375 0.009375 0.025390625
0 0.3625 0.4404296875 0.015625 0.037109375
1 0.2625 0.4609375 0.021875 0.03515625
1 0.88203125 0.4951171875 0.0453125 0.107421875
1 0.84453125 0.5009765625 0.0421875 0.087890625
1 0.8109375 0.474609375 0.028125 0.08984375
0 0.7296875 0.439453125 0.025 0.09375
0 0.696875 0.4287109375 0.028125 0.037109375
0 0.6375 0.4228515625 0.040625 0.064453125
0 0.52421875 0.4462890625 0.0328125 0.115234375
0 0.47890625 0.4560546875 0.0328125 0.103515625
2 0.43984375 0.44140625 0.0234375 0.0234375
0 0.42109375 0.4296875 0.0078125 0.02734375
2 0.4046875 0.4462890625 0.025 0.029296875
0 0.315625 0.451171875 0.025 0.0546875
1 0.13203125 0.4873046875 0.0359375 0.064453125
1 0.11015625 0.48046875 0.0265625 0.05859375
1 0.059375 0.4892578125 0.028125 0.076171875
