2 0.10390625 0.5947265625 0.2046875 0.208984375
2 0.2328125 0.546875 0.121875 0.14453125
2 0.2734375 0.509765625 0.084375 0.1015625
2 0.30703125 0.498046875 0.0546875 0.078125
2 0.66953125 0.5146484375 0.1046875 0.091796875
2 0.76640625 0.578125 0.2078125 0.1484375
2 0.89296875 0.6630859375 0.2078125 0.232421875
1 0.453125 0.548828125 0.028125 0.08203125
0 0.5796875 0.5205078125 0.04375 0.123046875
0 0.45703125 0.5 0.0359375 0.140625
0 0.396875 0.4560546875 0.01875 0.052734375
0 0.35078125 0.4482421875 0.0203125 0.056640625
0 0.334375 0.44921875 0.01875 0.05078125
0 0.3234375 0.443359375 0.01875 0.04296875
2 0.553125 0.4619140625 0.040625 0.041015625
2 0.48515625 0.4482421875 0.0265625 0.033203125
2 0.9234375 0.4775390625 0.1 0.052734375
2 0.84921875 0.47265625 0.0546875 0.05078125
