2 0.9546875 0.4970703125 0.0625 0.080078125
2 0.9078125 0.484375 0.05 0.07421875
2 0.86484375 0.48828125 0.0453125 0.05078125
2 0.81484375 0.48046875 0.0265625 0.04296875
2 0.79296875 0.4794921875 0.0296875 0.044921875
2 0.76875 0.48046875 0.025 0.05078125
2 0.74609375 0.4765625 0.0265625 0.046875
2 0.725 0.4736328125 0.04375 0.052734375
2 0.59921875 0.4794921875 0.1359375 0.138671875
2 0.39765625 0.4619140625 0.0296875 0.033203125
2 0.30859375 0.4638671875 0.0453125 0.037109375
2 0.68515625 0.47265625 0.0390625 0.04296875
