2 0.8078125 0.4609375 0.059375 0.07421875
2 0.925 0.4462890625 0.14375 0.138671875
2 0.95078125 0.484375 0.0921875 0.12109375
0 0.66484375 0.46484375 0.0265625 0.10546875
0 0.64765625 0.466796875 0.0234375 0.08203125
0 0.61484375 0.46484375 0.0203125 0.078125
0 0.60078125 0.4560546875 0.0203125 0.060546875
0 0.58203125 0.4599609375 0.0203125 0.052734375
0 0.54921875 0.4541015625 0.0203125 0.044921875
2 0.43359375 0.458984375 0.0359375 0.03125
0 0.37578125 0.4599609375 0.0109375 0.029296875
0 0.37890625 0.458984375 0.0109375 0.03125
0 0.36640625 0.4599609375 0.0109375 0.029296875
0 0.3609375 0.4599609375 0.009375 0.029296875
0 0.1671875 0.478515625 0.01875 0.046875
0 0.12578125 0.4853515625 0.0203125 0.033203125
