1 0.1578125 0.515625 0.06875 0.14453125
0 0.165625 0.4697265625 0.078125 0.181640625
0 0.77890625 0.419921875 0.0265625 0.09765625
0 0.8390625 0.443359375 0.028125 0.1328125
0 0.8609375 0.44140625 0.034375 0.140625
0 0.8890625 0.4423828125 0.025 0.154296875
2 0.57109375 0.4228515625 0.0296875 0.033203125
2 0.42734375 0.4150390625 0.0328125 0.044921875
0 0.2890625 0.4052734375 0.01875 0.056640625
0 0.26796875 0.41796875 0.0234375 0.05859375
0 0.48359375 0.41015625 0.0140625 0.03125
0 0.50234375 0.4111328125 0.0140625 0.029296875
2 0.446875 0.4130859375 0.01875 0.033203125
2 0.45625 0.412109375 0.01875 0.03125
