0 0.89375 0.53125 0.046875 0.19140625
2 0.58125 0.544921875 0.128125 0.1171875
2 0.4765625 0.5078125 0.040625 0.04296875
2 0.45625 0.4970703125 0.021875 0.025390625
2 0.44375 0.4921875 0.015625 0.01953125
2 0.40546875 0.4921875 0.0171875 0.01953125
2 0.39140625 0.484375 0.0109375 0.015625
2 0.34453125 0.50390625 0.0546875 0.07421875
2 0.33984375 0.513671875 0.0359375 0.0546875
2 0.31328125 0.521484375 0.0546875 0.0625
2 0.2046875 0.5 0.05625 0.046875
2 0.2515625 0.52734375 0.1 0.09765625
2 0.10234375 0.5595703125 0.2078125 0.185546875
