2 0.21328125 0.5185546875 0.1453125 0.107421875
2 0.06640625 0.5234375 0.1359375 0.1328125
2 0.29140625 0.501953125 0.0796875 0.0859375
2 0.3546875 0.4921875 0.0625 0.06640625
2 0.38515625 0.4853515625 0.0390625 0.052734375
2 0.596875 0.4833984375 0.059375 0.052734375
0 0.696875 0.4990234375 0.034375 0.095703125
0 0.52421875 0.4677734375 0.0203125 0.052734375
2 0.025 0.5537109375 0.04375 0.189453125
2 0.41328125 0.48046875 0.0328125 0.046875
2 0.43203125 0.47265625 0.0234375 0.0390625
2 0.4390625 0.46484375 0.034375 0.04296875
2 0.53984375 0.4677734375 0.0296875 0.033203125
2 0.459375 0.462890625 0.01875 0.03125
2 0.47109375 0.462890625 0.0203125 0.03125
2 0.74609375 0.48828125 0.0359375 0.046875
2 0.83515625 0.484375 0.0703125 0.0546875
