2 0.1859375 0.4326171875 0.06875 0.064453125
0 0.946875 0.5146484375 0.0375 0.154296875
0 0.9125 0.5224609375 0.1 0.220703125
0 0.6515625 0.51171875 0.1 0.19140625
0 0.53203125 0.4912109375 0.0765625 0.166015625
0 0.4703125 0.484375 0.05 0.17578125
0 0.43515625 0.46875 0.0453125 0.12890625
0 0.396875 0.44921875 0.0375 0.0859375
0 0.37734375 0.5048828125 0.0546875 0.162109375
0 0.3421875 0.4658203125 0.0375 0.150390625
0 0.303125 0.4716796875 0.05 0.146484375
0 0.2765625 0.4638671875 0.04375 0.126953125
0 0.6734375 0.4697265625 0.03125 0.119140625
0 0.23984375 0.419921875 0.0203125 0.0625
2 0.6109375 0.4658203125 0.075 0.072265625
