2 0.09609375 0.544921875 0.1953125 0.18359375
2 0.18828125 0.4462890625 0.0921875 0.060546875
2 0.2453125 0.5 0.125 0.1171875
2 0.3734375 0.4775390625 0.075 0.060546875
2 0.41328125 0.470703125 0.0265625 0.046875
2 0.690625 0.50390625 0.071875 0.0859375
2 0.74765625 0.470703125 0.0453125 0.06640625
2 0.8109375 0.4599609375 0.046875 0.044921875
2 0.78671875 0.5517578125 0.1953125 0.166015625
0 0.64296875 0.51953125 0.0484375 0.13671875
0 0.609375 0.4765625 0.01875 0.09765625
0 0.58828125 0.4833984375 0.0296875 0.103515625
0 0.3828125 0.439453125 0.021875 0.0234375
2 0.42890625 0.4677734375 0.0234375 0.044921875
2 0.434375 0.46484375 0.03125 0.05078125
2 0.45234375 0.4560546875 0.0328125 0.041015625
2 0.47734375 0.451171875 0.0296875 0.03125
2 0.49140625 0.44921875 0.0234375 0.02734375
