2 0.9359375 0.63671875 0.121875 0.30859375
0 0.9203125 0.4375 0.015625 0.04296875
0 0.86484375 0.4375 0.0203125 0.06640625
0 0.85078125 0.443359375 0.0203125 0.0625
0 0.84296875 0.443359375 0.0140625 0.0546875
0 0.71953125 0.4677734375 0.0171875 0.080078125
0 0.6890625 0.46484375 0.0125 0.0546875
0 0.66875 0.4697265625 0.025 0.072265625
0 0.6328125 0.46484375 0.01875 0.046875
0 0.58203125 0.4609375 0.0109375 0.03515625
2 0.546875 0.4765625 0.065625 0.0703125
2 0.44765625 0.462890625 0.0484375 0.05078125
2 0.415625 0.45703125 0.021875 0.0234375
2 0.4015625 0.462890625 0.015625 0.01953125
2 0.38125 0.4609375 0.025 0.02734375
2 0.3 0.478515625 0.040625 0.046875
2 0.3359375 0.4609375 0.015625 0.015625
2 0.16640625 0.49609375 0.0984375 0.109375
2 0.0765625 0.52734375 0.15625 0.140625
2 0.246875 0.48046875 0.071875 0.078125
