0 0.8734375 0.52734375 0.05 0.1953125
0 0.81796875 0.5146484375 0.0828125 0.220703125
0 0.6203125 0.5048828125 0.0625 0.185546875
0 0.58203125 0.5126953125 0.0609375 0.181640625
0 0.49453125 0.484375 0.0796875 0.16796875
0 0.43125 0.47265625 0.053125 0.1640625
0 0.403125 0.4619140625 0.040625 0.123046875
0 0.37265625 0.4609375 0.0296875 0.140625
0 0.3390625 0.4912109375 0.040625 0.150390625
2 0.18828125 0.4306640625 0.0734375 0.068359375
2 0.3109375 0.4580078125 0.028125 0.134765625
2 0.28203125 0.4580078125 0.0359375 0.134765625
0 0.2375 0.4150390625 0.025 0.060546875
2 0.63984375 0.46484375 0.0296875 0.0703125
2 0.684375 0.4462890625 0.06875 0.037109375
