1 0.45390625 0.5498046875 0.0234375 0.068359375
0 0.55546875 0.50390625 0.0484375 0.1484375
0 0.45390625 0.4990234375 0.0328125 0.134765625
0 0.4015625 0.4638671875 0.021875 0.052734375
2 0.08984375 0.5771484375 0.1796875 0.220703125
2 0.2140625 0.541015625 0.103125 0.125
2 0.26171875 0.517578125 0.0828125 0.09765625
2 0.29921875 0.494140625 0.0546875 0.0703125
2 0.3328125 0.474609375 0.059375 0.078125
2 0.871875 0.7392578125 0.246875 0.369140625
2 0.80234375 0.5498046875 0.2453125 0.267578125
2 0.67578125 0.515625 0.1203125 0.15625
2 0.20625 0.4560546875 0.059375 0.041015625
2 0.61484375 0.4931640625 0.0734375 0.107421875
2 0.38046875 0.4609375 0.0265625 0.046875
2 0.4109375 0.4541015625 0.025 0.037109375
2 0.46640625 0.439453125 0.0328125 0.03125
2 0.6890625 0.4384765625 0.0375 0.033203125
