2 0.8109375 0.458984375 0.0625 0.078125
2 0.9234375 0.4453125 0.146875 0.14453125
2 0.95 0.484375 0.090625 0.12109375
0 0.7171875 0.4765625 0.0375 0.14453125
0 0.6765625 0.474609375 0.0375 0.15234375
0 0.4578125 0.4697265625 0.028125 0.095703125
0 0.415625 0.474609375 0.034375 0.09375
0 0.09765625 0.525390625 0.0796875 0.30859375
0 0.1671875 0.484375 0.01875 0.05078125
0 0.128125 0.486328125 0.015625 0.02734375
0 0.365625 0.4619140625 0.0125 0.029296875
0 0.3734375 0.4609375 0.0125 0.02734375
0 0.38203125 0.4609375 0.0109375 0.03125
0 0.61875 0.458984375 0.015625 0.04296875
0 0.60234375 0.4580078125 0.0203125 0.056640625
0 0.578125 0.453125 0.01875 0.05078125
0 0.55 0.45703125 0.01875 0.046875
