0 0.86640625 0.5 0.0484375 0.1171875
0 0.8953125 0.646484375 0.203125 0.5390625
0 0.7140625 0.466796875 0.025 0.078125
0 0.6828125 0.4853515625 0.034375 0.119140625
0 0.6515625 0.4921875 0.0375 0.125
0 0.61953125 0.4619140625 0.0234375 0.072265625
2 0.57578125 0.478515625 0.0671875 0.0625
2 0.54453125 0.4677734375 0.0328125 0.044921875
2 0.37109375 0.46484375 0.0984375 0.0625
0 0.9828125 0.4443359375 0.028125 0.037109375
0 0.440625 0.4482421875 0.01875 0.037109375
0 0.453125 0.447265625 0.01875 0.0390625
2 0.5171875 0.44921875 0.025 0.02734375
2 0.4703125 0.44140625 0.028125 0.02734375
0 0.06015625 0.435546875 0.0203125 0.02734375
0 0.078125 0.435546875 0.021875 0.03125
0 0.09765625 0.44140625 0.0203125 0.03515625
