2 0.80703125 0.447265625 0.0640625 0.08984375
2 0.91875 0.4423828125 0.140625 0.134765625
2 0.94609375 0.486328125 0.0828125 0.1015625
0 0.1125 0.4892578125 0.01875 0.056640625
0 0.16875 0.484375 0.015625 0.05859375
0 0.55078125 0.4580078125 0.0203125 0.052734375
0 0.61328125 0.4677734375 0.0234375 0.064453125
0 0.6359375 0.4697265625 0.021875 0.056640625
0 0.65 0.470703125 0.025 0.078125
0 0.66171875 0.4697265625 0.0265625 0.072265625
2 0.40703125 0.4609375 0.0359375 0.03125
0 0.365625 0.4599609375 0.009375 0.029296875
0 0.3609375 0.458984375 0.0125 0.02734375
0 0.3734375 0.46484375 0.009375 0.02734375
2 0.7265625 0.455078125 0.040625 0.05859375
0 0.1265625 0.486328125 0.01875 0.03125
