2 0.928125 0.4306640625 0.09375 0.119140625
2 0.8390625 0.4501953125 0.05 0.076171875
0 0.79765625 0.4609375 0.0328125 0.15625
0 0.7640625 0.451171875 0.034375 0.0859375
0 0.7265625 0.4404296875 0.03125 0.087890625
0 0.6953125 0.4765625 0.0125 0.12890625
0 0.6375 0.44921875 0.021875 0.08984375
0 0.58515625 0.46484375 0.0171875 0.08203125
0 0.57421875 0.462890625 0.0109375 0.08203125
2 0.45390625 0.4599609375 0.0265625 0.029296875
2 0.44375 0.451171875 0.0125 0.01953125
2 0.4265625 0.451171875 0.0125 0.015625
2 0.40234375 0.4541015625 0.0140625 0.021484375
2 0.38515625 0.4541015625 0.0109375 0.021484375
2 0.37421875 0.4580078125 0.0109375 0.021484375
2 0.36328125 0.4619140625 0.0140625 0.021484375
2 0.35 0.4658203125 0.021875 0.029296875
2 0.33359375 0.4677734375 0.0203125 0.029296875
2 0.29609375 0.470703125 0.0640625 0.05859375
0 0.03359375 0.48046875 0.0203125 0.07421875
