2 0.89453125 0.765625 0.2046875 0.36328125
2 0.7875 0.58984375 0.246875 0.2265625
2 0.69453125 0.5498046875 0.1046875 0.130859375
2 0.646875 0.49609375 0.0875 0.1015625
2 0.33359375 0.4853515625 0.0609375 0.076171875
2 0.296875 0.5146484375 0.040625 0.083984375
2 0.275 0.5244140625 0.078125 0.103515625
2 0.203125 0.5537109375 0.1125 0.138671875
2 0.08671875 0.5869140625 0.1734375 0.232421875
2 0.6 0.484375 0.04375 0.07421875
0 0.528125 0.4521484375 0.01875 0.044921875
0 0.5125 0.453125 0.01875 0.04296875
2 0.55546875 0.458984375 0.0359375 0.0546875
2 0.415625 0.45703125 0.03125 0.046875
2 0.40390625 0.46484375 0.0203125 0.046875
2 0.3921875 0.470703125 0.021875 0.046875
2 0.37890625 0.48046875 0.0203125 0.0546875
2 0.365625 0.4873046875 0.028125 0.068359375
0 0.2375 0.46484375 0.021875 0.03515625
