2 0.659375 0.4521484375 0.05625 0.095703125
0 0.61953125 0.4501953125 0.0328125 0.103515625
0 0.5890625 0.451171875 0.034375 0.109375
0 0.37890625 0.43359375 0.0265625 0.08203125
2 0.340625 0.4365234375 0.05 0.064453125
2 0.40703125 0.431640625 0.0234375 0.046875
2 0.0546875 0.4267578125 0.075 0.083984375
2 0.1921875 0.4306640625 0.06875 0.060546875
2 0.26015625 0.44921875 0.1203125 0.1015625
2 0.11171875 0.4228515625 0.0453125 0.068359375
2 0.09609375 0.4013671875 0.1109375 0.076171875
2 0.4296875 0.427734375 0.028125 0.04296875
2 0.45 0.4267578125 0.021875 0.037109375
2 0.45859375 0.41796875 0.0296875 0.03515625
