2 0.95390625 0.46484375 0.0859375 0.046875
2 0.87890625 0.443359375 0.0671875 0.05859375
2 0.8125 0.44140625 0.065625 0.03515625
2 0.65625 0.4384765625 0.146875 0.076171875
2 0.54375 0.45703125 0.059375 0.09765625
0 0.5078125 0.455078125 0.0125 0.04296875
0 0.490625 0.455078125 0.01875 0.046875
2 0.45078125 0.4443359375 0.0578125 0.076171875
2 0.38828125 0.458984375 0.0671875 0.0703125
0 0.1703125 0.4326171875 0.034375 0.044921875
0 0.0109375 0.4658203125 0.025 0.134765625
2 0.23984375 0.4755859375 0.2140625 0.173828125
