0 0.8078125 0.462890625 0.0375 0.1015625
0 0.76875 0.4697265625 0.028125 0.087890625
0 0.73203125 0.4443359375 0.0203125 0.037109375
0 0.71953125 0.455078125 0.0234375 0.07421875
0 0.63828125 0.447265625 0.0140625 0.05078125
0 0.62421875 0.455078125 0.0140625 0.0390625
0 0.6109375 0.4453125 0.0125 0.03125
0 0.58828125 0.455078125 0.0171875 0.05078125
0 0.53125 0.4560546875 0.015625 0.037109375
2 0.415625 0.46484375 0.065625 0.0859375
2 0.3828125 0.4609375 0.01875 0.02734375
2 0.36640625 0.4599609375 0.0203125 0.029296875
2 0.34921875 0.4609375 0.0203125 0.03515625
2 0.31796875 0.462890625 0.0421875 0.046875
0 0.1765625 0.4775390625 0.01875 0.048828125
