2 0.68984375 0.5205078125 0.2234375 0.193359375
2 0.35078125 0.466796875 0.0640625 0.05859375
2 0.4328125 0.4697265625 0.04375 0.060546875
2 0.44765625 0.4609375 0.0421875 0.05859375
2 0.475 0.44921875 0.01875 0.0390625
0 0.24765625 0.4619140625 0.0203125 0.072265625
0 0.2640625 0.4609375 0.01875 0.05859375
0 0.40078125 0.4775390625 0.0453125 0.138671875
0 0.50546875 0.4638671875 0.0234375 0.091796875
1 0.8234375 0.50390625 0.0375 0.03515625
1 0.525 0.4853515625 0.0125 0.037109375
1 0.4890625 0.48046875 0.0125 0.03125
0 0.8671875 0.447265625 0.028125 0.078125
0 0.91875 0.46484375 0.021875 0.10546875
0 0.9015625 0.44921875 0.015625 0.07421875
0 0.82109375 0.4658203125 0.0328125 0.041015625
0 0.521875 0.44921875 0.0125 0.04296875
0 0.48984375 0.44921875 0.0140625 0.0390625
