0 0.915625 0.4970703125 0.04375 0.150390625
0 0.8796875 0.5029296875 0.034375 0.123046875
0 0.85 0.4951171875 0.028125 0.087890625
0 0.81484375 0.451171875 0.0203125 0.0234375
0 0.81640625 0.517578125 0.0328125 0.109375
0 0.784375 0.5146484375 0.03125 0.123046875
0 0.759375 0.5126953125 0.01875 0.103515625
0 0.728125 0.513671875 0.01875 0.0703125
0 0.70859375 0.51953125 0.0203125 0.07421875
0 0.6859375 0.517578125 0.01875 0.078125
0 0.671875 0.509765625 0.015625 0.06640625
0 0.6578125 0.5166015625 0.021875 0.068359375
0 0.63828125 0.521484375 0.0203125 0.06640625
0 0.6171875 0.517578125 0.01875 0.0625
0 0.59921875 0.517578125 0.0203125 0.0546875
0 0.57265625 0.486328125 0.0140625 0.0390625
0 0.5609375 0.490234375 0.0125 0.03515625
0 0.546875 0.4990234375 0.01875 0.044921875
0 0.52734375 0.4931640625 0.0203125 0.037109375
2 0.4359375 0.466796875 0.025 0.0234375
2 0.4125 0.4609375 0.01875 0.02734375
2 0.428125 0.4794921875 0.028125 0.025390625
2 0.47578125 0.5380859375 0.1140625 0.111328125
2 0.40546875 0.5361328125 0.0515625 0.087890625
2 0.36953125 0.513671875 0.0296875 0.0390625
2 0.328125 0.5078125 0.05625 0.046875
0 0.25390625 0.501953125 0.0109375 0.046875
0 0.2390625 0.51953125 0.01875 0.046875
0 0.23125 0.50390625 0.015625 0.05078125
2 0.1515625 0.5341796875 0.05 0.052734375
2 0.10390625 0.5302734375 0.0296875 0.052734375
