2 0.67109375 0.4736328125 0.0578125 0.083984375
2 0.58359375 0.48828125 0.0234375 0.03515625
2 0.3875 0.478515625 0.059375 0.0625
0 0.45859375 0.470703125 0.0234375 0.06640625
0 0.484375 0.46875 0.025 0.0703125
0 0.48671875 0.55859375 0.0609375 0.12890625
1 0.7765625 0.60546875 0.021875 0.1484375
0 0.6296875 0.541015625 0.071875 0.21875
0 0.70390625 0.501953125 0.0453125 0.125
0 0.76484375 0.544921875 0.0859375 0.23046875
0 0.79921875 0.48046875 0.0453125 0.10546875
0 0.84375 0.5146484375 0.05625 0.189453125
0 0.89375 0.541015625 0.065625 0.25390625
0 0.971875 0.5341796875 0.046875 0.251953125
0 0.56171875 0.484375 0.0265625 0.09765625
0 0.1765625 0.447265625 0.015625 0.03125
0 0.1859375 0.4501953125 0.0125 0.029296875
0 0.275 0.451171875 0.0125 0.03515625
1 0.484375 0.5849609375 0.0375 0.072265625
