0 0.1078125 0.482421875 0.03125 0.109375
1 0.29375 0.5224609375 0.021875 0.056640625
1 0.9421875 0.669921875 0.109375 0.1796875
1 0.73046875 0.556640625 0.0390625 0.10546875
1 0.5125 0.49609375 0.015625 0.05078125
1 0.4703125 0.498046875 0.01875 0.0390625
0 0.58984375 0.47265625 0.0234375 0.0703125
0 0.6515625 0.44140625 0.021875 0.015625
2 0.8640625 0.5244140625 0.090625 0.181640625
2 0.64375 0.4892578125 0.090625 0.083984375
2 0.41875 0.466796875 0.05625 0.03125
0 0.9359375 0.513671875 0.121875 0.25
0 0.728125 0.4990234375 0.05625 0.173828125
0 0.5125 0.4501953125 0.01875 0.052734375
0 0.46640625 0.4736328125 0.0234375 0.080078125
0 0.29609375 0.4775390625 0.0328125 0.099609375
