0 0.73125 0.4765625 0.0375 0.12109375
0 0.703125 0.4697265625 0.034375 0.134765625
0 0.6734375 0.462890625 0.03125 0.1015625
0 0.64453125 0.4677734375 0.0265625 0.095703125
2 0.43671875 0.466796875 0.0453125 0.04296875
0 0.1671875 0.4794921875 0.01875 0.044921875
0 0.36484375 0.4638671875 0.0171875 0.025390625
0 0.38046875 0.4609375 0.0109375 0.03515625
0 0.58359375 0.4619140625 0.0234375 0.064453125
0 0.6015625 0.4599609375 0.021875 0.064453125
0 0.5484375 0.4580078125 0.01875 0.044921875
2 0.8078125 0.4599609375 0.059375 0.064453125
2 0.9171875 0.443359375 0.14375 0.12890625
2 0.94609375 0.490234375 0.0828125 0.11328125
0 0.12578125 0.486328125 0.0203125 0.03125
0 0.11171875 0.4873046875 0.0203125 0.056640625
