0 0.34296875 0.48828125 0.0234375 0.0859375
0 0.36796875 0.484375 0.0265625 0.0859375
0 0.5734375 0.49609375 0.025 0.1171875
0 0.60078125 0.5048828125 0.0546875 0.166015625
2 0.09296875 0.525390625 0.1828125 0.16796875
2 0.2140625 0.5185546875 0.084375 0.119140625
2 0.28125 0.50390625 0.08125 0.08984375
2 0.51171875 0.470703125 0.0421875 0.0390625
2 0.678125 0.5283203125 0.1125 0.126953125
2 0.7765625 0.58203125 0.2 0.21875
2 0.8671875 0.6826171875 0.259375 0.373046875
2 0.39921875 0.4619140625 0.0484375 0.044921875
2 0.540625 0.4697265625 0.021875 0.029296875
2 0.53046875 0.4716796875 0.0203125 0.033203125
2 0.02265625 0.5771484375 0.0359375 0.134765625
