2 0.8453125 0.623046875 0.303125 0.3046875
2 0.734375 0.5400390625 0.15625 0.162109375
2 0.64609375 0.50390625 0.0765625 0.08203125
2 0.421875 0.4609375 0.03125 0.04296875
2 0.390625 0.470703125 0.046875 0.0703125
2 0.31171875 0.513671875 0.0515625 0.1015625
2 0.23671875 0.521484375 0.1359375 0.1640625
2 0.109375 0.5927734375 0.209375 0.220703125
2 0.5203125 0.4501953125 0.0375 0.037109375
0 0.59921875 0.4833984375 0.0265625 0.095703125
0 0.5828125 0.490234375 0.025 0.08984375
0 0.56328125 0.484375 0.0296875 0.09765625
2 0.03515625 0.458984375 0.0734375 0.0546875
2 0.12421875 0.453125 0.0546875 0.04296875
2 0.4578125 0.44921875 0.021875 0.03125
