2 0.35703125 0.4931640625 0.1328125 0.072265625
2 0.775 0.4794921875 0.090625 0.056640625
2 0.8546875 0.47265625 0.09375 0.04296875
2 0.959375 0.46484375 0.071875 0.0546875
0 0.69765625 0.46875 0.0328125 0.078125
0 0.6609375 0.47265625 0.028125 0.07421875
0 0.59453125 0.48046875 0.0234375 0.0703125
0 0.234375 0.5107421875 0.0375 0.126953125
0 0.1703125 0.5 0.034375 0.10546875
0 0.14453125 0.50390625 0.0234375 0.1015625
2 0.078125 0.5380859375 0.153125 0.130859375
0 0.1203125 0.4765625 0.028125 0.0625
0 0.8984375 0.46484375 0.015625 0.05078125
0 0.8890625 0.455078125 0.01875 0.0390625
0 0.2640625 0.509765625 0.028125 0.109375
0 0.19921875 0.501953125 0.0234375 0.1171875
