0 0.63359375 0.5107421875 0.0453125 0.154296875
0 0.6671875 0.4814453125 0.021875 0.072265625
1 0.634375 0.55859375 0.025 0.08984375
2 0.35859375 0.4873046875 0.0828125 0.072265625
2 0.4546875 0.4658203125 0.03125 0.029296875
2 0.521875 0.466796875 0.040625 0.02734375
2 0.16328125 0.4638671875 0.0609375 0.044921875
2 0.090625 0.46875 0.05 0.0546875
2 0.0390625 0.4697265625 0.071875 0.064453125
0 0.2328125 0.46875 0.015625 0.0546875
0 0.25859375 0.4677734375 0.0203125 0.056640625
0 0.275 0.4560546875 0.01875 0.044921875
0 0.2875 0.4580078125 0.01875 0.052734375
0 0.29921875 0.4609375 0.0171875 0.05078125
2 0.396875 0.46875 0.021875 0.02734375
2 0.4265625 0.4599609375 0.021875 0.025390625
0 0.59375 0.46875 0.015625 0.04296875
