0 0.4890625 0.4658203125 0.025 0.072265625
0 0.46875 0.46484375 0.021875 0.0703125
0 0.453125 0.4658203125 0.025 0.072265625
0 0.58046875 0.5556640625 0.0578125 0.201171875
1 0.584375 0.6171875 0.03125 0.109375
2 0.9375 0.53125 0.1125 0.1328125
2 0.92578125 0.4951171875 0.1296875 0.083984375
2 0.86171875 0.486328125 0.0859375 0.05078125
2 0.678125 0.5 0.06875 0.078125
2 0.62578125 0.51953125 0.0703125 0.109375
2 0.81015625 0.5791015625 0.2109375 0.162109375
2 0.4125 0.48046875 0.06875 0.07421875
2 0.3734375 0.5029296875 0.05 0.087890625
2 0.33125 0.515625 0.090625 0.12109375
2 0.23671875 0.5283203125 0.1453125 0.189453125
2 0.146875 0.6123046875 0.190625 0.185546875
2 0.04453125 0.6318359375 0.0921875 0.287109375
0 0.696875 0.458984375 0.01875 0.03125
2 0.746875 0.46875 0.040625 0.05859375
