2 0.1125 0.5068359375 0.184375 0.158203125
2 0.228125 0.49609375 0.084375 0.09765625
2 0.27890625 0.494140625 0.0609375 0.08203125
2 0.3609375 0.484375 0.1125 0.1171875
2 0.50859375 0.4638671875 0.0453125 0.041015625
2 0.559375 0.4638671875 0.040625 0.044921875
2 0.68203125 0.5322265625 0.1609375 0.162109375
2 0.76328125 0.49609375 0.0546875 0.08984375
0 0.91484375 0.55859375 0.0828125 0.2421875
0 0.178125 0.4326171875 0.028125 0.037109375
2 0.43125 0.4609375 0.025 0.03125
2 0.44375 0.4541015625 0.025 0.029296875
0 0.459375 0.455078125 0.0125 0.03125
2 0.61640625 0.474609375 0.0515625 0.05859375
2 0.30625 0.4560546875 0.05 0.041015625
