2 0.0390625 0.634765625 0.08125 0.1953125
2 0.26015625 0.5302734375 0.1296875 0.107421875
2 0.33828125 0.48828125 0.0671875 0.0703125
2 0.38125 0.474609375 0.053125 0.046875
2 0.50078125 0.4482421875 0.0421875 0.044921875
2 0.60625 0.46875 0.065625 0.05859375
2 0.6984375 0.5185546875 0.11875 0.115234375
2 0.92890625 0.5126953125 0.1234375 0.119140625
2 0.846875 0.6376953125 0.2625 0.220703125
2 0.26015625 0.458984375 0.0453125 0.0390625
2 0.31328125 0.5029296875 0.0734375 0.072265625
2 0.77109375 0.4599609375 0.0703125 0.052734375
2 0.86484375 0.43359375 0.0734375 0.03515625
2 0.81015625 0.4912109375 0.0359375 0.068359375
0 0.9578125 0.7744140625 0.075 0.443359375
1 0.92890625 0.8740234375 0.0578125 0.240234375
