2 0.02734375 0.6240234375 0.0578125 0.216796875
2 0.17265625 0.5322265625 0.1359375 0.138671875
2 0.31171875 0.4853515625 0.0703125 0.076171875
2 0.37265625 0.4619140625 0.0453125 0.044921875
2 0.625 0.46484375 0.053125 0.046875
2 0.79609375 0.4892578125 0.1078125 0.095703125
2 0.84921875 0.67578125 0.2921875 0.2578125
0 0.35625 0.482421875 0.028125 0.078125
0 0.25703125 0.517578125 0.0421875 0.12109375
2 0.93515625 0.4951171875 0.1203125 0.083984375
2 0.6921875 0.48046875 0.04375 0.05859375
2 0.41796875 0.44921875 0.0265625 0.03125
2 0.57734375 0.443359375 0.0265625 0.0234375
