0 0.97109375 0.47265625 0.0203125 0.08203125
0 0.94921875 0.4677734375 0.0203125 0.087890625
2 0.8953125 0.48046875 0.0875 0.08984375
2 0.7703125 0.478515625 0.115625 0.10546875
0 0.65390625 0.4794921875 0.0203125 0.087890625
0 0.6046875 0.47265625 0.028125 0.0859375
0 0.56953125 0.4599609375 0.0234375 0.041015625
0 0.53828125 0.44140625 0.0203125 0.04296875
0 0.51640625 0.4638671875 0.0234375 0.099609375
2 0.44375 0.4765625 0.09375 0.09375
2 0.22421875 0.4833984375 0.0984375 0.083984375
2 0.1015625 0.47265625 0.1125 0.10546875
2 0.02265625 0.4736328125 0.0453125 0.095703125
