2 0.73671875 0.509765625 0.0921875 0.0859375
2 0.67578125 0.4931640625 0.0421875 0.068359375
0 0.64765625 0.4814453125 0.0109375 0.029296875
2 0.58203125 0.482421875 0.0296875 0.02734375
2 0.55 0.46875 0.025 0.02734375
2 0.5296875 0.4638671875 0.021875 0.025390625
2 0.4890625 0.455078125 0.01875 0.01953125
2 0.4671875 0.451171875 0.0125 0.01953125
2 0.434375 0.4609375 0.01875 0.03515625
2 0.4 0.46484375 0.053125 0.0625
0 0.16171875 0.4736328125 0.0234375 0.099609375
1 0.14140625 0.4892578125 0.0203125 0.064453125
