2 0.68671875 0.453125 0.0296875 0.046875
2 0.78671875 0.4345703125 0.1421875 0.107421875
2 0.86484375 0.44921875 0.2484375 0.12109375
0 0.6578125 0.462890625 0.034375 0.140625
0 0.62890625 0.48828125 0.0515625 0.171875
0 0.58984375 0.48828125 0.0671875 0.16796875
0 0.52265625 0.4609375 0.0203125 0.06640625
0 0.5421875 0.4541015625 0.021875 0.076171875
2 0.434375 0.4951171875 0.10625 0.103515625
0 0.0921875 0.482421875 0.021875 0.03125
0 0.2359375 0.458984375 0.021875 0.03515625
0 0.29296875 0.455078125 0.0203125 0.02734375
