2 0.53125 0.5673828125 0.40625 0.189453125
2 0.6125 0.4580078125 0.071875 0.087890625
2 0.4578125 0.44140625 0.065625 0.05859375
2 0.27421875 0.4375 0.0703125 0.06640625
2 0.18046875 0.4287109375 0.0984375 0.087890625
0 0.12578125 0.4365234375 0.0265625 0.076171875
0 0.0859375 0.4306640625 0.021875 0.072265625
0 0.91484375 0.4521484375 0.0421875 0.123046875
0 0.86875 0.408203125 0.040625 0.05078125
0 0.83515625 0.4521484375 0.0453125 0.115234375
2 0.79453125 0.4287109375 0.0515625 0.056640625
2 0.73359375 0.42578125 0.0421875 0.0625
0 0.68828125 0.400390625 0.0203125 0.03515625
2 0.43203125 0.419921875 0.0515625 0.0546875
2 0.4046875 0.416015625 0.021875 0.03125
2 0.69140625 0.4365234375 0.0828125 0.052734375
2 0.2375 0.416015625 0.0375 0.0703125
