0 0.83203125 0.509765625 0.0265625 0.15234375
0 0.93046875 0.51953125 0.0515625 0.17578125
2 0.5765625 0.4853515625 0.040625 0.037109375
2 0.42109375 0.478515625 0.0421875 0.04296875
0 0.23203125 0.474609375 0.0234375 0.06640625
0 0.2984375 0.4697265625 0.01875 0.064453125
0 0.3171875 0.470703125 0.01875 0.0546875
0 0.48515625 0.4765625 0.0140625 0.03515625
0 0.50390625 0.474609375 0.0140625 0.03515625
0 0.9609375 0.5205078125 0.034375 0.169921875
2 0.44921875 0.4794921875 0.0203125 0.033203125
2 0.45703125 0.4765625 0.0203125 0.03125
