0 0.2609375 0.484375 0.046875 0.15625
0 0.315625 0.5029296875 0.04375 0.150390625
0 0.44375 0.4970703125 0.059375 0.166015625
0 0.52421875 0.50390625 0.0484375 0.16796875
0 0.57421875 0.501953125 0.0578125 0.19140625
0 0.640625 0.50390625 0.034375 0.16015625
0 0.721875 0.53125 0.071875 0.19140625
0 0.60703125 0.5458984375 0.1078125 0.263671875
0 0.83828125 0.53515625 0.0734375 0.23828125
0 0.896875 0.529296875 0.046875 0.21484375
1 0.9328125 0.6083984375 0.078125 0.166015625
0 0.484375 0.5 0.04375 0.171875
