0 0.7875 0.4736328125 0.0125 0.052734375
0 0.76796875 0.4755859375 0.0140625 0.048828125
0 0.7515625 0.4658203125 0.01875 0.044921875
0 0.73671875 0.4677734375 0.0140625 0.041015625
2 0.69296875 0.478515625 0.0484375 0.046875
2 0.66484375 0.470703125 0.0203125 0.03125
2 0.65 0.4599609375 0.025 0.029296875
2 0.62578125 0.470703125 0.0203125 0.0234375
2 0.584375 0.470703125 0.028125 0.03125
2 0.55 0.48046875 0.034375 0.04296875
2 0.4859375 0.4951171875 0.084375 0.083984375
2 0.396875 0.48828125 0.071875 0.07421875
2 0.44765625 0.484375 0.0203125 0.03125
2 0.30625 0.5048828125 0.10625 0.091796875
