0 0.82578125 0.447265625 0.0203125 0.0859375
0 0.79921875 0.4482421875 0.0234375 0.087890625
0 0.9046875 0.416015625 0.01875 0.03515625
2 0.87265625 0.603515625 0.2484375 0.35546875
2 0.60546875 0.4892578125 0.1328125 0.099609375
2 0.5484375 0.470703125 0.053125 0.0859375
2 0.5203125 0.4609375 0.028125 0.06640625
2 0.503125 0.453125 0.01875 0.05078125
2 0.48515625 0.4453125 0.0234375 0.03515625
2 0.4453125 0.4599609375 0.0625 0.072265625
2 0.4046875 0.443359375 0.028125 0.03515625
2 0.37421875 0.4482421875 0.0203125 0.033203125
2 0.3515625 0.453125 0.025 0.0390625
2 0.32734375 0.4599609375 0.0265625 0.044921875
2 0.30703125 0.4658203125 0.0265625 0.056640625
2 0.27421875 0.4697265625 0.0421875 0.076171875
2 0.23359375 0.486328125 0.0703125 0.0703125
2 0.1265625 0.4873046875 0.1375 0.138671875
2 0.03046875 0.525390625 0.0640625 0.1484375
0 0.95703125 0.4111328125 0.0296875 0.037109375
