2 0.29140625 0.48046875 0.0921875 0.08203125
2 0.11953125 0.4921875 0.1109375 0.08984375
2 0.1875 0.4853515625 0.065625 0.072265625
2 0.2234375 0.4755859375 0.0625 0.068359375
2 0.5890625 0.47265625 0.128125 0.1171875
2 0.51640625 0.462890625 0.0609375 0.0703125
2 0.07265625 0.453125 0.0453125 0.03515625
2 0.48046875 0.46484375 0.0203125 0.03515625
2 0.4640625 0.4609375 0.021875 0.03125
2 0.44765625 0.45703125 0.0203125 0.0234375
2 0.4296875 0.45703125 0.01875 0.0234375
2 0.3875 0.45703125 0.01875 0.0234375
2 0.3734375 0.45703125 0.01875 0.0234375
2 0.35625 0.4619140625 0.01875 0.029296875
2 0.3390625 0.466796875 0.015625 0.02734375
2 0.0203125 0.470703125 0.028125 0.03125
