0 0.2390625 0.54296875 0.05625 0.1796875
2 0.04765625 0.6123046875 0.0984375 0.193359375
2 0.13125 0.5625 0.140625 0.14453125
2 0.1875 0.53125 0.0625 0.11328125
2 0.32890625 0.4775390625 0.0703125 0.076171875
2 0.39921875 0.4912109375 0.0859375 0.087890625
2 0.5890625 0.4990234375 0.06875 0.087890625
2 0.615625 0.52734375 0.065625 0.1171875
2 0.75703125 0.5888671875 0.2796875 0.248046875
2 0.4625 0.4384765625 0.028125 0.029296875
0 0.5015625 0.4521484375 0.01875 0.044921875
2 0.27265625 0.5078125 0.0671875 0.07421875
2 0.02265625 0.466796875 0.0484375 0.04296875
2 0.56171875 0.4716796875 0.0671875 0.076171875
