1 0.421875 0.5771484375 0.021875 0.099609375
0 0.57421875 0.541015625 0.0484375 0.14453125
0 0.42734375 0.5107421875 0.0484375 0.158203125
0 0.33984375 0.4658203125 0.0203125 0.056640625
0 0.303125 0.4580078125 0.01875 0.056640625
0 0.2875 0.4580078125 0.01875 0.056640625
0 0.271875 0.4560546875 0.021875 0.060546875
2 0.871875 0.70703125 0.246875 0.3046875
2 0.7046875 0.5556640625 0.165625 0.154296875
2 0.225 0.52734375 0.1 0.12890625
2 0.15703125 0.5625 0.1359375 0.16015625
2 0.08046875 0.62890625 0.1546875 0.25390625
2 0.95703125 0.4853515625 0.0796875 0.091796875
2 0.878125 0.4755859375 0.1 0.060546875
2 0.54140625 0.46875 0.0484375 0.046875
2 0.5203125 0.458984375 0.034375 0.04296875
2 0.45859375 0.453125 0.0296875 0.03515625
2 0.3875 0.455078125 0.021875 0.04296875
2 0.3640625 0.462890625 0.0375 0.05078125
