2 0.934375 0.462890625 0.125 0.19921875
2 0.13984375 0.421875 0.0828125 0.0859375
2 0.26640625 0.4169921875 0.1515625 0.095703125
1 0.196875 0.501953125 0.04375 0.0546875
1 0.25 0.5 0.04375 0.05859375
1 0.3 0.4912109375 0.046875 0.056640625
1 0.3484375 0.482421875 0.05 0.046875
1 0.39453125 0.4755859375 0.0265625 0.064453125
1 0.4265625 0.47265625 0.04375 0.0625
1 0.47890625 0.4638671875 0.0453125 0.056640625
1 0.52421875 0.462890625 0.0484375 0.05078125
0 0.21796875 0.4462890625 0.0515625 0.091796875
0 0.25703125 0.4482421875 0.0328125 0.091796875
0 0.30546875 0.44140625 0.0453125 0.0703125
0 0.39609375 0.419921875 0.0421875 0.09375
0 0.434375 0.4326171875 0.0375 0.083984375
0 0.47890625 0.41796875 0.0421875 0.078125
1 0.57421875 0.4609375 0.0359375 0.046875
0 0.5765625 0.431640625 0.03125 0.0625
0 0.5296875 0.435546875 0.0375 0.0703125
0 0.3546875 0.4453125 0.03125 0.0703125
