2 0.03203125 0.6259765625 0.0671875 0.240234375
2 0.1125 0.5771484375 0.190625 0.205078125
2 0.21875 0.529296875 0.15625 0.171875
2 0.328125 0.4921875 0.08125 0.08203125
2 0.3734375 0.478515625 0.034375 0.0546875
0 0.6578125 0.4697265625 0.01875 0.048828125
2 0.43671875 0.45703125 0.0328125 0.04296875
2 0.7609375 0.48828125 0.071875 0.08203125
2 0.7015625 0.546875 0.13125 0.12890625
2 0.87890625 0.67578125 0.2359375 0.25
2 0.8375 0.498046875 0.059375 0.078125
2 0.8296875 0.46875 0.0375 0.0625
2 0.7015625 0.4580078125 0.05 0.052734375
2 0.5234375 0.4326171875 0.025 0.025390625
