0 0.66171875 0.4697265625 0.0328125 0.119140625
0 0.62890625 0.466796875 0.0328125 0.125
0 0.8265625 0.478515625 0.046875 0.21484375
0 0.38046875 0.482421875 0.0359375 0.11328125
0 0.45859375 0.46484375 0.0265625 0.05859375
2 0.92421875 0.4443359375 0.1421875 0.138671875
2 0.95 0.48828125 0.09375 0.10546875
0 0.57265625 0.4541015625 0.0203125 0.056640625
0 0.60078125 0.4521484375 0.0203125 0.056640625
0 0.16796875 0.478515625 0.0203125 0.04296875
0 0.1125 0.4755859375 0.01875 0.029296875
2 0.7265625 0.4560546875 0.0375 0.052734375
