2 0.95546875 0.5244140625 0.0828125 0.166015625
2 0.8859375 0.478515625 0.221875 0.1953125
2 0.815625 0.4697265625 0.14375 0.154296875
2 0.73671875 0.48828125 0.0203125 0.0546875
2 0.60078125 0.4951171875 0.2484375 0.326171875
2 0.4046875 0.4677734375 0.146875 0.154296875
0 0.2484375 0.4873046875 0.090625 0.275390625
1 0.253125 0.6484375 0.128125 0.17578125
2 0.1015625 0.478515625 0.20625 0.25390625
2 0.028125 0.494140625 0.059375 0.2421875
2 0.30703125 0.4697265625 0.1015625 0.177734375
2 0.3625 0.4833984375 0.04375 0.126953125
