0 0.70234375 0.4990234375 0.0578125 0.228515625
0 0.75390625 0.5126953125 0.0734375 0.287109375
0 0.803125 0.4892578125 0.04375 0.212890625
0 0.859375 0.505859375 0.084375 0.2734375
0 0.96328125 0.51953125 0.0671875 0.296875
0 0.6515625 0.4609375 0.025 0.0703125
0 0.63203125 0.4619140625 0.0203125 0.076171875
2 0.9125 0.4189453125 0.0625 0.087890625
0 0.41484375 0.4619140625 0.0234375 0.060546875
0 0.1890625 0.484375 0.021875 0.0546875
0 0.1234375 0.4873046875 0.021875 0.037109375
0 0.10546875 0.494140625 0.0265625 0.05078125
