2 0.67109375 0.4189453125 0.1171875 0.091796875
2 0.80859375 0.4248046875 0.1296875 0.099609375
1 0.38828125 0.513671875 0.0703125 0.11328125
1 0.3046875 0.515625 0.075 0.10546875
0 0.34140625 0.4599609375 0.0796875 0.177734375
0 0.60234375 0.462890625 0.0578125 0.1328125
1 0.63203125 0.533203125 0.0515625 0.0703125
1 0.5765625 0.51171875 0.053125 0.1171875
1 0.7453125 0.513671875 0.05625 0.0859375
1 0.80078125 0.5234375 0.0453125 0.06640625
0 0.77265625 0.46875 0.0515625 0.12890625
1 0.87578125 0.517578125 0.0578125 0.0703125
1 0.92109375 0.5107421875 0.0359375 0.083984375
0 0.89140625 0.451171875 0.0609375 0.1640625
0 0.965625 0.43359375 0.05625 0.11328125
