2 0.184375 0.4169921875 0.128125 0.107421875
2 0.0578125 0.3994140625 0.109375 0.041015625
2 0.46484375 0.4267578125 0.0671875 0.064453125
2 0.50625 0.416015625 0.040625 0.05078125
2 0.52890625 0.412109375 0.0421875 0.04296875
2 0.56484375 0.404296875 0.0484375 0.04296875
2 0.7359375 0.4189453125 0.0625 0.072265625
2 0.95 0.44140625 0.09375 0.10546875
2 0.89765625 0.4482421875 0.0859375 0.095703125
2 0.621875 0.3955078125 0.01875 0.033203125
2 0.603125 0.39453125 0.028125 0.046875
2 0.88984375 0.419921875 0.1171875 0.0859375
