1 0.2 0.5341796875 0.04375 0.076171875
1 0.86015625 0.5615234375 0.1046875 0.205078125
1 0.7140625 0.5224609375 0.046875 0.107421875
1 0.65 0.501953125 0.028125 0.09375
1 0.60234375 0.4921875 0.0171875 0.0625
1 0.75078125 0.51171875 0.0203125 0.1171875
1 0.00703125 0.517578125 0.0171875 0.0625
2 0.2421875 0.484375 0.040625 0.05859375
2 0.28984375 0.4775390625 0.0484375 0.048828125
2 0.35 0.47265625 0.025 0.03125
2 0.3609375 0.466796875 0.028125 0.03125
0 0.384375 0.4677734375 0.015625 0.041015625
0 0.4703125 0.4658203125 0.0125 0.029296875
0 0.48359375 0.4658203125 0.0140625 0.041015625
0 0.20625 0.4638671875 0.03125 0.076171875
0 0.18671875 0.4716796875 0.0203125 0.060546875
1 0.15078125 0.5009765625 0.0421875 0.076171875
1 0.128125 0.50390625 0.025 0.0625
1 0.7953125 0.515625 0.025 0.125
1 0.98203125 0.5556640625 0.0234375 0.197265625
1 0.95078125 0.556640625 0.0421875 0.1953125
1 0.925 0.591796875 0.025 0.125
1 0.57734375 0.490234375 0.0234375 0.0625
0 0.328125 0.47265625 0.0125 0.0390625
2 0.3171875 0.4736328125 0.0125 0.041015625
