0 0.48203125 0.455078125 0.0328125 0.0625
0 0.5515625 0.455078125 0.046875 0.0546875
0 0.96953125 0.544921875 0.0546875 0.3515625
0 0.88125 0.556640625 0.140625 0.47265625
2 0.77265625 0.48828125 0.1203125 0.18359375
2 0.68984375 0.4990234375 0.0828125 0.119140625
2 0.66015625 0.4951171875 0.0859375 0.107421875
2 0.60703125 0.48046875 0.0859375 0.09375
2 0.46171875 0.4482421875 0.1078125 0.111328125
2 0.3453125 0.46484375 0.06875 0.05078125
2 0.1140625 0.41796875 0.10625 0.07421875
2 0.13828125 0.4873046875 0.0953125 0.091796875
2 0.0796875 0.4892578125 0.1625 0.134765625
2 0.403125 0.46875 0.053125 0.05078125
