0 0.67890625 0.486328125 0.0203125 0.08203125
2 0.9390625 0.5107421875 0.065625 0.103515625
2 0.8296875 0.48828125 0.109375 0.109375
2 0.76171875 0.5751953125 0.1953125 0.169921875
2 0.0171875 0.64453125 0.0375 0.234375
2 0.103125 0.57421875 0.20625 0.26171875
2 0.2828125 0.5009765625 0.103125 0.115234375
2 0.340625 0.494140625 0.04375 0.0703125
2 0.375 0.4736328125 0.0375 0.056640625
2 0.4234375 0.4521484375 0.040625 0.044921875
2 0.51640625 0.4287109375 0.0234375 0.025390625
2 0.728125 0.4609375 0.0625 0.0703125
2 0.65625 0.4560546875 0.05 0.041015625
2 0.64296875 0.4482421875 0.0453125 0.041015625
