2 0.47109375 0.4921875 0.1328125 0.12890625
1 0.259375 0.501953125 0.021875 0.046875
1 0.7671875 0.505859375 0.01875 0.07421875
1 0.690625 0.486328125 0.025 0.078125
1 0.63515625 0.4873046875 0.0453125 0.080078125
0 0.09609375 0.4619140625 0.0296875 0.115234375
0 0.07109375 0.4384765625 0.0171875 0.060546875
0 0.0171875 0.4541015625 0.028125 0.068359375
1 0.06796875 0.4931640625 0.0328125 0.048828125
0 0.31484375 0.4599609375 0.0171875 0.056640625
0 0.3015625 0.458984375 0.0125 0.0546875
0 0.5890625 0.44921875 0.0125 0.046875
0 0.5765625 0.44921875 0.015625 0.05078125
1 0.75234375 0.505859375 0.0140625 0.078125
0 0.40703125 0.4453125 0.0109375 0.02734375
1 0.40625 0.470703125 0.0125 0.0234375
2 0.53984375 0.486328125 0.0140625 0.046875
0 0.2609375 0.4462890625 0.01875 0.068359375
0 0.22890625 0.458984375 0.0171875 0.06640625
0 0.2109375 0.4501953125 0.015625 0.048828125
1 0.11875 0.4931640625 0.015625 0.048828125
1 0.01875 0.51953125 0.0375 0.0625
