2 0.746875 0.5 0.25625 0.2265625
2 0.6203125 0.4990234375 0.053125 0.103515625
2 0.59375 0.490234375 0.065625 0.0859375
2 0.5625 0.484375 0.04375 0.06640625
2 0.26015625 0.48046875 0.0359375 0.05859375
2 0.2984375 0.4775390625 0.040625 0.048828125
2 0.32421875 0.4755859375 0.0203125 0.037109375
2 0.53671875 0.4794921875 0.0234375 0.056640625
2 0.3359375 0.470703125 0.03125 0.03515625
0 0.05625 0.494140625 0.065625 0.29296875
2 0.51953125 0.4736328125 0.0265625 0.052734375
2 0.50390625 0.4677734375 0.0265625 0.052734375
2 0.48046875 0.4599609375 0.0203125 0.033203125
2 0.46171875 0.46484375 0.0203125 0.02734375
2 0.44765625 0.4609375 0.0203125 0.02734375
2 0.40234375 0.4638671875 0.0203125 0.025390625
2 0.3890625 0.46484375 0.01875 0.02734375
2 0.3765625 0.46484375 0.01875 0.02734375
2 0.3609375 0.4658203125 0.01875 0.029296875
2 0.3453125 0.46875 0.01875 0.03515625
2 0.2203125 0.4892578125 0.075 0.064453125
