1 0.35703125 0.4951171875 0.0265625 0.060546875
0 0.35546875 0.4794921875 0.0359375 0.091796875
0 0.7109375 0.45703125 0.034375 0.0546875
0 0.759375 0.478515625 0.03125 0.1015625
0 0.7875 0.4658203125 0.025 0.103515625
0 0.98046875 0.53125 0.0328125 0.1484375
0 0.275 0.4560546875 0.01875 0.068359375
0 0.259375 0.4443359375 0.01875 0.056640625
2 0.5671875 0.4609375 0.028125 0.03125
0 0.48984375 0.4501953125 0.0140625 0.029296875
0 0.50625 0.4521484375 0.0125 0.025390625
1 0.134375 0.478515625 0.025 0.03515625
0 0.3359375 0.451171875 0.01875 0.046875
0 0.3234375 0.458984375 0.01875 0.05859375
2 0.45390625 0.4599609375 0.0203125 0.029296875
