2 0.14375 0.5712890625 0.178125 0.146484375
0 0.27578125 0.5166015625 0.0484375 0.126953125
1 0.2734375 0.564453125 0.0375 0.078125
2 0.221875 0.5302734375 0.084375 0.115234375
2 0.31953125 0.4951171875 0.0546875 0.056640625
2 0.3625 0.482421875 0.05 0.046875
2 0.38828125 0.46875 0.0421875 0.046875
2 0.4140625 0.45703125 0.03125 0.0390625
2 0.9140625 0.8056640625 0.165625 0.349609375
2 0.79296875 0.6318359375 0.2859375 0.236328125
2 0.6953125 0.5615234375 0.125 0.146484375
2 0.30625 0.5048828125 0.03125 0.060546875
2 0.4515625 0.447265625 0.025 0.0234375
2 0.6609375 0.50390625 0.121875 0.1171875
2 0.78203125 0.443359375 0.1015625 0.0390625
2 0.7171875 0.4423828125 0.028125 0.033203125
2 0.59765625 0.4873046875 0.0421875 0.068359375
2 0.57734375 0.462890625 0.0515625 0.06640625
2 0.51171875 0.4560546875 0.0359375 0.052734375
0 0.49921875 0.466796875 0.0203125 0.05859375
