0 0.5765625 0.44140625 0.025 0.0859375
0 0.55546875 0.4365234375 0.0234375 0.087890625
0 0.40703125 0.4267578125 0.0234375 0.076171875
2 0.640625 0.4453125 0.090625 0.10546875
2 0.35703125 0.43359375 0.0734375 0.0703125
2 0.19765625 0.42578125 0.0671875 0.0625
2 0.259375 0.4443359375 0.11875 0.099609375
2 0.10546875 0.3974609375 0.1078125 0.072265625
2 0.11640625 0.419921875 0.0609375 0.0703125
2 0.059375 0.4248046875 0.0875 0.091796875
2 0.43046875 0.42578125 0.0265625 0.04296875
2 0.45078125 0.423828125 0.0203125 0.03515625
2 0.45859375 0.4140625 0.0296875 0.0390625
