2 0.93125 0.6748046875 0.128125 0.240234375
2 0.85625 0.6044921875 0.1875 0.166015625
2 0.75078125 0.5361328125 0.1359375 0.134765625
2 0.6140625 0.470703125 0.05625 0.0546875
2 0.61640625 0.482421875 0.0359375 0.05078125
2 0.63984375 0.4931640625 0.0515625 0.056640625
2 0.665625 0.5048828125 0.05625 0.087890625
2 0.56640625 0.455078125 0.0296875 0.03125
2 0.50546875 0.4501953125 0.0265625 0.029296875
0 0.51796875 0.453125 0.0140625 0.0390625
2 0.528125 0.447265625 0.028125 0.0234375
0 0.33359375 0.4560546875 0.0203125 0.044921875
0 0.3484375 0.45703125 0.015625 0.04296875
0 0.35859375 0.455078125 0.0140625 0.04296875
0 0.41171875 0.4482421875 0.0109375 0.037109375
0 0.42421875 0.44921875 0.0140625 0.03515625
