1 0.53359375 0.6337890625 0.0328125 0.115234375
0 0.5421875 0.5625 0.053125 0.19140625
0 0.4859375 0.4765625 0.01875 0.078125
0 0.45859375 0.4794921875 0.0265625 0.083984375
0 0.4375 0.48046875 0.025 0.08203125
2 0.778125 0.54296875 0.115625 0.12890625
2 0.86015625 0.4990234375 0.0609375 0.087890625
2 0.71953125 0.5966796875 0.1828125 0.185546875
2 0.38203125 0.498046875 0.0859375 0.08203125
2 0.29921875 0.5576171875 0.1078125 0.146484375
2 0.18203125 0.607421875 0.2171875 0.234375
2 0.06015625 0.6357421875 0.1234375 0.333984375
2 0.7125 0.4736328125 0.028125 0.037109375
2 0.5921875 0.453125 0.03125 0.03515625
