2 0.64609375 0.5078125 0.0765625 0.08203125
2 0.62890625 0.484375 0.0765625 0.07421875
2 0.75 0.5341796875 0.184375 0.189453125
2 0.85234375 0.6181640625 0.2859375 0.271484375
2 0.95546875 0.7578125 0.0828125 0.2578125
2 0.2828125 0.498046875 0.10625 0.09375
2 0.0953125 0.48046875 0.096875 0.09765625
0 0.575 0.4765625 0.021875 0.08203125
0 0.42421875 0.4677734375 0.0203125 0.064453125
0 0.40625 0.4658203125 0.021875 0.064453125
2 0.52578125 0.451171875 0.0203125 0.03125
2 0.065625 0.5244140625 0.125 0.201171875
2 0.196875 0.466796875 0.040625 0.0546875
0 0.47578125 0.462890625 0.0171875 0.046875
1 0.47578125 0.4736328125 0.0203125 0.037109375
