2 0.521875 0.4736328125 0.0625 0.060546875
2 0.4734375 0.46484375 0.03125 0.0390625
2 0.45625 0.458984375 0.01875 0.03125
2 0.41171875 0.4560546875 0.0203125 0.025390625
2 0.39609375 0.458984375 0.0203125 0.0390625
2 0.37578125 0.4697265625 0.0296875 0.052734375
2 0.3265625 0.474609375 0.06875 0.078125
2 0.28671875 0.4677734375 0.0203125 0.033203125
2 0.25 0.4814453125 0.071875 0.076171875
0 0.071875 0.486328125 0.028125 0.08984375
0 0.58515625 0.45703125 0.0203125 0.0234375
1 0.584375 0.4794921875 0.01875 0.025390625
