0 0.690625 0.4560546875 0.028125 0.060546875
0 0.6671875 0.455078125 0.025 0.0625
0 0.6453125 0.45703125 0.025 0.046875
0 0.18671875 0.4755859375 0.0203125 0.060546875
0 0.1671875 0.4765625 0.01875 0.06640625
2 0.30234375 0.470703125 0.0515625 0.046875
2 0.23671875 0.4677734375 0.0484375 0.064453125
2 0.35078125 0.5068359375 0.1171875 0.076171875
2 0.52109375 0.478515625 0.0359375 0.05078125
2 0.91171875 0.498046875 0.1671875 0.0625
0 0.5828125 0.44140625 0.01875 0.03125
2 0.4234375 0.474609375 0.0375 0.0390625
2 0.40703125 0.46875 0.0328125 0.03515625
2 0.3796875 0.4560546875 0.021875 0.029296875
2 0.57421875 0.4638671875 0.0671875 0.025390625
