2 0.153125 0.52734375 0.2 0.15234375
2 0.2671875 0.494140625 0.10625 0.1171875
2 0.86953125 0.61328125 0.2546875 0.36328125
2 0.74453125 0.5517578125 0.1390625 0.166015625
2 0.68828125 0.5244140625 0.0953125 0.134765625
0 0.33046875 0.4794921875 0.0328125 0.107421875
0 0.5515625 0.4609375 0.01875 0.046875
2 0.35546875 0.4736328125 0.0359375 0.072265625
2 0.38125 0.466796875 0.03125 0.06640625
2 0.4015625 0.466796875 0.03125 0.05078125
2 0.421875 0.462890625 0.03125 0.04296875
2 0.44140625 0.458984375 0.0203125 0.03515625
2 0.471875 0.4521484375 0.021875 0.025390625
2 0.63515625 0.50390625 0.0546875 0.0859375
2 0.609375 0.494140625 0.053125 0.078125
2 0.6109375 0.4716796875 0.075 0.076171875
2 0.0328125 0.4736328125 0.06875 0.083984375
2 0.134375 0.4462890625 0.125 0.052734375
