2 0.0265625 0.576171875 0.053125 0.16796875
2 0.1078125 0.5322265625 0.19375 0.193359375
2 0.28359375 0.48828125 0.0859375 0.10546875
2 0.71484375 0.546875 0.1328125 0.140625
2 0.8328125 0.5927734375 0.325 0.232421875
2 0.92421875 0.7705078125 0.1359375 0.248046875
0 0.21171875 0.505859375 0.0515625 0.18359375
0 0.5546875 0.46484375 0.01875 0.05859375
2 0.67578125 0.51953125 0.1015625 0.12109375
2 0.63125 0.5087890625 0.05 0.095703125
2 0.640625 0.4794921875 0.096875 0.095703125
2 0.5859375 0.4814453125 0.04375 0.052734375
2 0.34296875 0.4765625 0.0578125 0.08203125
2 0.37265625 0.4716796875 0.0359375 0.060546875
2 0.4046875 0.4638671875 0.03125 0.052734375
2 0.43125 0.4638671875 0.025 0.037109375
2 0.43984375 0.4599609375 0.0296875 0.037109375
2 0.465625 0.4560546875 0.025 0.029296875
2 0.72109375 0.4580078125 0.0609375 0.037109375
