2 0.0578125 0.5498046875 0.115625 0.185546875
2 0.13671875 0.50390625 0.1328125 0.15625
2 0.24453125 0.4931640625 0.0578125 0.099609375
2 0.29375 0.494140625 0.05625 0.08203125
2 0.33203125 0.486328125 0.0484375 0.0625
2 0.38671875 0.4765625 0.0453125 0.046875
2 0.77109375 0.4736328125 0.0921875 0.091796875
2 0.8296875 0.478515625 0.075 0.09765625
2 0.9078125 0.466796875 0.1375 0.1171875
0 0.2203125 0.5146484375 0.053125 0.158203125
0 0.43828125 0.46875 0.0203125 0.05859375
2 0.453125 0.4638671875 0.01875 0.033203125
2 0.4609375 0.4580078125 0.021875 0.029296875
2 0.48046875 0.4580078125 0.0203125 0.025390625
2 0.57421875 0.4619140625 0.0328125 0.033203125
2 0.6328125 0.458984375 0.021875 0.03515625
0 0.54765625 0.4541015625 0.0140625 0.041015625
0 0.53671875 0.455078125 0.0109375 0.03125
2 0.528125 0.4560546875 0.01875 0.025390625
