2 0.38515625 0.443359375 0.0484375 0.046875
2 0.42109375 0.4248046875 0.0296875 0.029296875
2 0.75859375 0.4833984375 0.0609375 0.095703125
2 0.915625 0.4990234375 0.159375 0.197265625
2 0.79375 0.482421875 0.065625 0.1484375
0 0.83984375 0.505859375 0.0484375 0.19921875
1 0.84140625 0.5703125 0.0453125 0.10546875
1 0.7109375 0.5283203125 0.046875 0.087890625
0 0.7125 0.4677734375 0.040625 0.150390625
0 0.6796875 0.4560546875 0.025 0.068359375
0 0.62890625 0.4609375 0.0359375 0.11328125
1 0.6265625 0.494140625 0.028125 0.06640625
0 0.57890625 0.453125 0.0234375 0.07421875
0 0.5484375 0.43359375 0.021875 0.03515625
