0 0.37421875 0.470703125 0.0234375 0.09765625
0 0.5546875 0.4599609375 0.01875 0.044921875
2 0.88515625 0.65625 0.2203125 0.3359375
2 0.80234375 0.5517578125 0.2484375 0.220703125
2 0.6890625 0.5205078125 0.084375 0.107421875
2 0.646875 0.5087890625 0.078125 0.099609375
2 0.23515625 0.5048828125 0.1578125 0.115234375
2 0.06953125 0.5595703125 0.1359375 0.197265625
2 0.3140625 0.4833984375 0.084375 0.107421875
2 0.1125 0.4716796875 0.090625 0.072265625
2 0.396875 0.46484375 0.03125 0.0625
2 0.43203125 0.458984375 0.0296875 0.0390625
2 0.453125 0.4580078125 0.01875 0.037109375
2 0.478125 0.453125 0.021875 0.02734375
2 0.62265625 0.4921875 0.0421875 0.07421875
2 0.60625 0.46875 0.059375 0.06640625
0 0.56796875 0.455078125 0.0140625 0.02734375
