2 0.11171875 0.5419921875 0.2234375 0.154296875
2 0.24921875 0.513671875 0.1203125 0.1171875
2 0.31328125 0.4990234375 0.0671875 0.072265625
2 0.34921875 0.4833984375 0.0859375 0.091796875
2 0.40859375 0.4765625 0.0515625 0.05078125
2 0.6140625 0.47265625 0.053125 0.05078125
2 0.69453125 0.51953125 0.1296875 0.12890625
0 0.56875 0.4658203125 0.021875 0.056640625
0 0.5546875 0.4677734375 0.021875 0.056640625
0 0.51953125 0.4521484375 0.0078125 0.029296875
0 0.5046875 0.4541015625 0.009375 0.037109375
2 0.5296875 0.455078125 0.021875 0.0234375
2 0.453125 0.4619140625 0.040625 0.041015625
2 0.4828125 0.4521484375 0.025 0.033203125
2 0.934375 0.5068359375 0.0375 0.103515625
2 0.646875 0.49609375 0.059375 0.0859375
