2 0.0609375 0.4140625 0.125 0.08984375
0 0.025 0.439453125 0.04375 0.125
0 0.08515625 0.453125 0.0453125 0.1171875
1 0.0296875 0.4931640625 0.0625 0.068359375
1 0.0859375 0.486328125 0.05 0.0546875
0 0.1484375 0.439453125 0.034375 0.05078125
0 0.1875 0.423828125 0.028125 0.0703125
0 0.2125 0.439453125 0.05 0.125
0 0.2640625 0.435546875 0.040625 0.1015625
0 0.2953125 0.44140625 0.028125 0.0703125
0 0.371875 0.421875 0.04375 0.04296875
0 0.42109375 0.4267578125 0.0328125 0.068359375
2 0.77890625 0.4208984375 0.0734375 0.076171875
2 0.93828125 0.4326171875 0.1109375 0.103515625
1 0.37578125 0.4560546875 0.0296875 0.033203125
1 0.5390625 0.4462890625 0.028125 0.029296875
1 0.30234375 0.4677734375 0.0234375 0.029296875
