2 0.509375 0.517578125 0.21875 0.20703125
2 0.86328125 0.48828125 0.0328125 0.0546875
1 0.19375 0.5146484375 0.025 0.072265625
1 0.32890625 0.5 0.0234375 0.05859375
1 0.978125 0.5478515625 0.0375 0.103515625
1 0.75390625 0.5048828125 0.0359375 0.119140625
1 0.825 0.5029296875 0.046875 0.115234375
0 0.23828125 0.458984375 0.0203125 0.06640625
0 0.2203125 0.4541015625 0.025 0.056640625
0 0.39765625 0.46875 0.0171875 0.0625
0 0.1625 0.4501953125 0.0125 0.056640625
1 0.7203125 0.51171875 0.034375 0.0703125
0 0.33046875 0.4462890625 0.0234375 0.052734375
0 0.1859375 0.4453125 0.034375 0.0703125
0 0.11015625 0.4609375 0.0171875 0.0703125
