1 0.24296875 0.69921875 0.0453125 0.15625
0 0.9046875 0.703125 0.109375 0.4375
0 0.23984375 0.572265625 0.0953125 0.171875
2 0.03984375 0.6494140625 0.0828125 0.224609375
2 0.10390625 0.576171875 0.2078125 0.18359375
2 0.28984375 0.5234375 0.1046875 0.1171875
2 0.334375 0.5 0.059375 0.08203125
2 0.38359375 0.474609375 0.0671875 0.0703125
2 0.46796875 0.45703125 0.0484375 0.04296875
2 0.5875 0.4453125 0.03125 0.03515625
2 0.6515625 0.490234375 0.046875 0.07421875
2 0.721875 0.52734375 0.159375 0.16796875
0 0.5265625 0.4560546875 0.01875 0.044921875
2 0.4109375 0.4638671875 0.040625 0.056640625
2 0.42890625 0.4609375 0.0234375 0.046875
2 0.48515625 0.4404296875 0.0296875 0.029296875
2 0.62265625 0.482421875 0.0359375 0.05859375
2 0.971875 0.7001953125 0.05 0.263671875
