2 0.44609375 0.4619140625 0.0953125 0.060546875
0 0.35390625 0.4716796875 0.0234375 0.076171875
0 0.390625 0.4716796875 0.04375 0.083984375
0 0.17109375 0.4580078125 0.0328125 0.083984375
0 0.77578125 0.4873046875 0.0234375 0.091796875
0 0.81328125 0.4599609375 0.0203125 0.072265625
0 0.925 0.5029296875 0.034375 0.138671875
0 0.8953125 0.501953125 0.03125 0.13671875
0 0.84140625 0.4775390625 0.0203125 0.072265625
0 0.59765625 0.458984375 0.0203125 0.04296875
0 0.60625 0.458984375 0.015625 0.04296875
2 0.5390625 0.45703125 0.021875 0.0234375
1 0.046875 0.5029296875 0.034375 0.068359375
1 0.1140625 0.5185546875 0.04375 0.060546875
1 0.734375 0.556640625 0.046875 0.078125
1 0.8640625 0.5810546875 0.046875 0.068359375
1 0.92109375 0.6064453125 0.0609375 0.099609375
