0 0.73359375 0.5146484375 0.0421875 0.083984375
0 0.67578125 0.50390625 0.0296875 0.09765625
3 0.65234375 0.53515625 0.0328125 0.03125
2 0.95546875 0.5126953125 0.0734375 0.099609375
2 0.42734375 0.4892578125 0.0703125 0.068359375
2 0.41171875 0.4765625 0.0515625 0.05859375
2 0.95703125 0.806640625 0.0765625 0.17578125
2 0.22578125 0.45703125 0.0359375 0.05078125
2 0.2 0.462890625 0.040625 0.0546875
2 0.1703125 0.482421875 0.0625 0.0625
2 0.38359375 0.470703125 0.0265625 0.046875
2 0.36953125 0.4658203125 0.0296875 0.041015625
2 0.35234375 0.4580078125 0.0265625 0.029296875
2 0.103125 0.4580078125 0.034375 0.056640625
2 0.0765625 0.453125 0.046875 0.078125
2 0.01875 0.4560546875 0.0375 0.068359375
