0 0.66875 0.5751953125 0.05 0.083984375
0 0.709375 0.5009765625 0.021875 0.068359375
0 0.9078125 0.4921875 0.03125 0.0625
0 0.6640625 0.5009765625 0.03125 0.060546875
0 0.56875 0.5068359375 0.021875 0.068359375
0 0.13125 0.5146484375 0.034375 0.091796875
2 0.190625 0.5068359375 0.084375 0.099609375
2 0.0859375 0.51953125 0.0625 0.1171875
2 0.0359375 0.5205078125 0.075 0.123046875
2 0.4796875 0.5234375 0.09375 0.09375
0 0.29296875 0.482421875 0.0140625 0.03125
0 0.30546875 0.4912109375 0.0171875 0.048828125
