2 0.0921875 0.4970703125 0.13125 0.099609375
2 0.0640625 0.61328125 0.128125 0.21484375
2 0.221875 0.5302734375 0.14375 0.119140625
2 0.29609375 0.5048828125 0.1015625 0.095703125
2 0.35703125 0.4736328125 0.0703125 0.083984375
2 0.61484375 0.5029296875 0.0578125 0.087890625
2 0.634375 0.52734375 0.065625 0.109375
2 0.709375 0.544921875 0.171875 0.17578125
2 0.8046875 0.626953125 0.2625 0.23828125
0 0.44921875 0.4521484375 0.0203125 0.033203125
2 0.4015625 0.466796875 0.025 0.04296875
2 0.415625 0.4609375 0.028125 0.046875
2 0.43046875 0.4560546875 0.0265625 0.044921875
2 0.5828125 0.478515625 0.040625 0.0390625
