0 0.16328125 0.4892578125 0.0234375 0.060546875
0 0.140625 0.490234375 0.01875 0.0625
0 0.67578125 0.43359375 0.0421875 0.0546875
2 0.8109375 0.458984375 0.059375 0.07421875
2 0.92421875 0.4482421875 0.1421875 0.146484375
2 0.95 0.490234375 0.090625 0.1015625
2 0.6234375 0.5751953125 0.4875 0.244140625
2 0.4515625 0.4599609375 0.03125 0.029296875
0 0.37578125 0.4609375 0.0109375 0.02734375
0 0.36953125 0.4638671875 0.0109375 0.025390625
0 0.12734375 0.486328125 0.0203125 0.03515625
0 0.1125 0.4970703125 0.025 0.052734375
2 0.7265625 0.45703125 0.040625 0.0546875
