2 0.703125 0.51171875 0.09375 0.09765625
0 0.76796875 0.4365234375 0.0265625 0.044921875
0 0.740625 0.435546875 0.021875 0.046875
2 0.50859375 0.4794921875 0.0734375 0.072265625
2 0.171875 0.4560546875 0.103125 0.095703125
2 0.23203125 0.5009765625 0.1296875 0.119140625
2 0.2578125 0.4384765625 0.04375 0.064453125
0 0.1265625 0.44921875 0.03125 0.08203125
0 0.09453125 0.44921875 0.0296875 0.0859375
2 0.915625 0.4794921875 0.078125 0.083984375
2 0.828125 0.462890625 0.059375 0.05859375
0 0.9859375 0.5009765625 0.021875 0.095703125
2 0.47890625 0.455078125 0.0515625 0.0625
2 0.4484375 0.451171875 0.025 0.03125
2 0.29765625 0.4375 0.0328125 0.046875
2 0.32421875 0.4375 0.0234375 0.03515625
2 0.8078125 0.4912109375 0.1125 0.052734375
