0 0.04140625 0.666015625 0.0796875 0.2890625
2 0.08515625 0.6396484375 0.1734375 0.224609375
2 0.2515625 0.53125 0.146875 0.11328125
2 0.3546875 0.4931640625 0.075 0.072265625
2 0.3796875 0.4697265625 0.065625 0.056640625
2 0.50234375 0.4580078125 0.0421875 0.037109375
2 0.56640625 0.494140625 0.0984375 0.1171875
2 0.6796875 0.5009765625 0.11875 0.095703125
2 0.8296875 0.564453125 0.259375 0.23828125
2 0.93828125 0.734375 0.1171875 0.28515625
2 0.45390625 0.4521484375 0.0328125 0.029296875
2 0.753125 0.462890625 0.071875 0.05859375
2 0.63203125 0.4853515625 0.0328125 0.068359375
2 0.959375 0.4794921875 0.071875 0.091796875
2 0.81875 0.4404296875 0.065625 0.037109375
