2 0.93828125 0.8095703125 0.1171875 0.369140625
2 0.03828125 0.490234375 0.0796875 0.10546875
2 0.57421875 0.4814453125 0.0859375 0.037109375
0 0.73203125 0.49609375 0.0265625 0.08203125
0 0.7125 0.4921875 0.025 0.078125
0 0.68828125 0.4951171875 0.0328125 0.072265625
0 0.44375 0.470703125 0.028125 0.06640625
0 0.3203125 0.48828125 0.025 0.0703125
2 0.4671875 0.474609375 0.034375 0.0390625
0 0.390625 0.4697265625 0.025 0.068359375
0 0.37421875 0.4677734375 0.0203125 0.060546875
2 0.2890625 0.46875 0.0375 0.04296875
