2 0.6390625 0.453125 0.0875 0.11328125
2 0.35078125 0.4345703125 0.0734375 0.064453125
0 0.5828125 0.4443359375 0.025 0.095703125
0 0.5625 0.4423828125 0.025 0.091796875
0 0.39296875 0.4287109375 0.0234375 0.087890625
2 0.43046875 0.4267578125 0.0265625 0.041015625
2 0.196875 0.4267578125 0.0625 0.064453125
2 0.05546875 0.42578125 0.0859375 0.0859375
2 0.11328125 0.4248046875 0.0546875 0.072265625
2 0.25859375 0.451171875 0.1234375 0.10546875
2 0.1 0.3984375 0.109375 0.078125
2 0.4515625 0.423828125 0.025 0.03515625
2 0.46015625 0.4169921875 0.0296875 0.037109375
