2 0.11953125 0.5009765625 0.1109375 0.087890625
2 0.184375 0.482421875 0.078125 0.08203125
2 0.93203125 0.46484375 0.1296875 0.18359375
2 0.2328125 0.474609375 0.065625 0.078125
2 0.6671875 0.498046875 0.153125 0.1171875
2 0.56875 0.4873046875 0.046875 0.087890625
2 0.53828125 0.4814453125 0.0203125 0.076171875
2 0.51796875 0.4716796875 0.0203125 0.072265625
2 0.50078125 0.4638671875 0.0171875 0.052734375
2 0.2734375 0.4794921875 0.01875 0.048828125
2 0.29375 0.4765625 0.028125 0.03515625
2 0.31875 0.4716796875 0.025 0.029296875
2 0.4796875 0.4619140625 0.028125 0.041015625
2 0.4328125 0.4599609375 0.025 0.029296875
2 0.37109375 0.4619140625 0.0265625 0.029296875
