0 0.59765625 0.4609375 0.0234375 0.05078125
0 0.53203125 0.4580078125 0.0203125 0.044921875
0 0.52265625 0.4609375 0.0203125 0.05078125
0 0.23359375 0.525390625 0.0328125 0.1640625
2 0.84765625 0.494140625 0.1484375 0.0859375
2 0.34375 0.4775390625 0.065625 0.060546875
2 0.26875 0.51953125 0.034375 0.08984375
2 0.17265625 0.5361328125 0.1046875 0.126953125
2 0.090625 0.5771484375 0.18125 0.185546875
2 0.0203125 0.625 0.0375 0.16796875
2 0.66484375 0.4599609375 0.0421875 0.052734375
2 0.71328125 0.4619140625 0.0265625 0.060546875
2 0.82109375 0.4541015625 0.1859375 0.099609375
2 0.959375 0.498046875 0.075 0.13671875
2 0.975 0.5126953125 0.04375 0.134765625
2 0.478125 0.4423828125 0.01875 0.025390625
2 0.37890625 0.466796875 0.0328125 0.0390625
2 0.4 0.466796875 0.025 0.03125
0 0.640625 0.458984375 0.021875 0.046875
