2 0.45546875 0.462890625 0.0703125 0.05859375
2 0.51875 0.458984375 0.034375 0.0390625
2 0.68984375 0.4658203125 0.0484375 0.056640625
2 0.7640625 0.4658203125 0.078125 0.103515625
2 0.784375 0.4931640625 0.0375 0.083984375
2 0.84453125 0.48046875 0.0515625 0.09765625
0 0.54609375 0.4853515625 0.0265625 0.091796875
0 0.57578125 0.4931640625 0.0390625 0.119140625
0 0.646875 0.5205078125 0.059375 0.181640625
2 0.27578125 0.45703125 0.0171875 0.0703125
2 0.21015625 0.4560546875 0.1046875 0.095703125
2 0.09296875 0.4267578125 0.1265625 0.068359375
