2 0.5484375 0.4765625 0.075 0.0859375
2 0.175 0.478515625 0.0625 0.0859375
2 0.0421875 0.5009765625 0.084375 0.119140625
0 0.74921875 0.5224609375 0.0984375 0.220703125
0 0.23671875 0.5068359375 0.0734375 0.185546875
0 0.13125 0.4873046875 0.053125 0.134765625
0 0.31484375 0.470703125 0.0328125 0.07421875
1 0.7859375 0.58984375 0.09375 0.14453125
1 0.66875 0.59375 0.103125 0.13671875
1 0.26015625 0.5712890625 0.0546875 0.123046875
1 0.2015625 0.578125 0.046875 0.08984375
1 0.13671875 0.529296875 0.0234375 0.08984375
1 0.315625 0.5029296875 0.028125 0.052734375
2 0.5046875 0.48046875 0.021875 0.046875
2 0.49765625 0.4697265625 0.0328125 0.044921875
2 0.390625 0.47265625 0.03125 0.03125
0 0.26796875 0.4638671875 0.0296875 0.076171875
