0 0.76796875 0.4921875 0.0546875 0.1328125
2 0.87265625 0.4794921875 0.0734375 0.037109375
2 0.6765625 0.4833984375 0.125 0.044921875
2 0.6390625 0.4638671875 0.1 0.044921875
2 0.565625 0.4716796875 0.028125 0.037109375
2 0.29375 0.4619140625 0.025 0.029296875
2 0.065625 0.470703125 0.04375 0.0625
2 0.0234375 0.4716796875 0.0375 0.068359375
2 0.140625 0.4736328125 0.034375 0.044921875
0 0.34375 0.46875 0.025 0.0625
2 0.81796875 0.50390625 0.0484375 0.03125
2 0.81796875 0.482421875 0.0734375 0.046875
