1 0.77421875 0.583984375 0.1578125 0.125
0 0.76953125 0.451171875 0.0234375 0.0703125
0 0.92734375 0.517578125 0.0296875 0.09375
0 0.9390625 0.51953125 0.04375 0.1015625
0 0.18046875 0.513671875 0.0453125 0.11328125
1 0.16953125 0.5517578125 0.0359375 0.072265625
2 0.69453125 0.5244140625 0.1359375 0.138671875
2 0.62421875 0.4970703125 0.0609375 0.083984375
2 0.60078125 0.478515625 0.0359375 0.0546875
2 0.55234375 0.4453125 0.0421875 0.046875
2 0.48125 0.453125 0.0375 0.04296875
2 0.37734375 0.470703125 0.0734375 0.07421875
1 0.9609375 0.65234375 0.034375 0.10546875
