0 0.6421875 0.4267578125 0.0125 0.048828125
0 0.61640625 0.4248046875 0.0109375 0.044921875
0 0.60703125 0.423828125 0.0109375 0.03515625
0 0.5578125 0.4423828125 0.01875 0.076171875
0 0.525 0.435546875 0.015625 0.05859375
0 0.50078125 0.431640625 0.0203125 0.05859375
2 0.46328125 0.431640625 0.0265625 0.03125
0 0.4203125 0.4365234375 0.015625 0.052734375
0 0.121875 0.44921875 0.0125 0.07421875
0 0.109375 0.4501953125 0.015625 0.076171875
0 0.096875 0.4462890625 0.0125 0.076171875
0 0.0671875 0.4462890625 0.0125 0.072265625
0 0.0484375 0.423828125 0.015625 0.03125
