0 0.2828125 0.4658203125 0.03125 0.076171875
0 0.23984375 0.46484375 0.0546875 0.12109375
0 0.178125 0.501953125 0.109375 0.296875
1 0.10625 0.6123046875 0.071875 0.123046875
1 0.2015625 0.5986328125 0.090625 0.181640625
1 0.25703125 0.5576171875 0.0578125 0.095703125
1 0.28671875 0.5185546875 0.0296875 0.052734375
2 0.54609375 0.4775390625 0.0828125 0.083984375
2 0.04140625 0.501953125 0.0859375 0.125
2 0.3765625 0.47265625 0.0375 0.03515625
2 0.5046875 0.4794921875 0.025 0.044921875
2 0.49453125 0.4755859375 0.0265625 0.041015625
