2 0.96953125 0.5986328125 0.0546875 0.185546875
0 0.915625 0.5380859375 0.053125 0.271484375
2 0.8625 0.4951171875 0.103125 0.263671875
2 0.96875 0.4130859375 0.046875 0.099609375
2 0.7328125 0.5146484375 0.15 0.173828125
2 0.68359375 0.48828125 0.1046875 0.12109375
2 0.61171875 0.4580078125 0.1578125 0.087890625
2 0.45703125 0.4833984375 0.1171875 0.146484375
0 0.34609375 0.49609375 0.0578125 0.18359375
1 0.3421875 0.564453125 0.0375 0.09375
2 0.0515625 0.55078125 0.10625 0.2421875
2 0.13671875 0.5185546875 0.0734375 0.146484375
2 0.165625 0.4892578125 0.178125 0.146484375
2 0.27734375 0.4794921875 0.0671875 0.091796875
2 0.59296875 0.4951171875 0.0859375 0.095703125
