2 0.15546875 0.5595703125 0.1859375 0.146484375
2 0.2375 0.513671875 0.1125 0.109375
2 0.32265625 0.490234375 0.0734375 0.0625
2 0.6109375 0.478515625 0.075 0.0625
2 0.65703125 0.52734375 0.0796875 0.10546875
2 0.70859375 0.560546875 0.0921875 0.13671875
2 0.8484375 0.611328125 0.28125 0.2578125
2 0.05625 0.4677734375 0.0875 0.029296875
2 0.15 0.470703125 0.109375 0.0625
2 0.35703125 0.44921875 0.0328125 0.03515625
2 0.38984375 0.4609375 0.0453125 0.04296875
2 0.40625 0.455078125 0.034375 0.04296875
2 0.5 0.42578125 0.021875 0.0234375
2 0.56171875 0.4619140625 0.0328125 0.041015625
2 0.5765625 0.474609375 0.028125 0.046875
2 0.5375 0.44140625 0.021875 0.02734375
0 0.428125 0.4404296875 0.0125 0.029296875
0 0.45546875 0.4365234375 0.0109375 0.029296875
