2 0.75625 0.482421875 0.15 0.109375
2 0.8125 0.6796875 0.353125 0.29296875
2 0.6703125 0.560546875 0.153125 0.1328125
2 0.628125 0.52734375 0.109375 0.10546875
2 0.3359375 0.4677734375 0.04375 0.041015625
2 0.315625 0.4599609375 0.028125 0.037109375
2 0.15703125 0.4912109375 0.0859375 0.076171875
2 0.1015625 0.484375 0.096875 0.078125
2 0.07890625 0.5673828125 0.1515625 0.138671875
2 0.0140625 0.615234375 0.03125 0.109375
1 0.846875 0.513671875 0.034375 0.0546875
1 0.896875 0.525390625 0.03125 0.0546875
1 0.36640625 0.5 0.0203125 0.03515625
0 0.3625 0.470703125 0.021875 0.0546875
0 0.25 0.4638671875 0.01875 0.044921875
0 0.23828125 0.462890625 0.0203125 0.046875
0 0.56796875 0.4560546875 0.0203125 0.056640625
0 0.5328125 0.4423828125 0.01875 0.029296875
