2 0.5078125 0.4384765625 0.025 0.025390625
2 0.05390625 0.4775390625 0.1078125 0.095703125
2 0.03515625 0.5087890625 0.0734375 0.099609375
2 0.1375 0.48046875 0.03125 0.08203125
2 0.278125 0.470703125 0.11875 0.0546875
2 0.6015625 0.4912109375 0.046875 0.076171875
2 0.6421875 0.5 0.084375 0.08984375
2 0.6828125 0.5302734375 0.11875 0.115234375
2 0.196875 0.462890625 0.04375 0.05859375
2 0.43828125 0.4501953125 0.0265625 0.025390625
2 0.5734375 0.4580078125 0.03125 0.044921875
2 0.31640625 0.455078125 0.0671875 0.04296875
