1 0.56484375 0.5224609375 0.0203125 0.099609375
1 0.47421875 0.5224609375 0.0234375 0.091796875
1 0.44140625 0.4970703125 0.0171875 0.060546875
0 0.8859375 0.4365234375 0.03125 0.119140625
0 0.84375 0.4365234375 0.015625 0.099609375
1 0.88125 0.525390625 0.025 0.06640625
1 0.965625 0.55078125 0.0625 0.1484375
1 0.9171875 0.49609375 0.053125 0.1015625
0 0.1 0.4619140625 0.03125 0.107421875
0 0.04140625 0.46875 0.0328125 0.11328125
2 0.253125 0.4814453125 0.084375 0.060546875
2 0.2890625 0.474609375 0.03125 0.046875
2 0.29765625 0.4697265625 0.0390625 0.052734375
1 0.64140625 0.486328125 0.0359375 0.0703125
1 0.83125 0.5263671875 0.034375 0.076171875
1 0.61640625 0.482421875 0.0203125 0.0625
0 0.56484375 0.46484375 0.0390625 0.16796875
0 0.52109375 0.44921875 0.0109375 0.03515625
0 0.4734375 0.4736328125 0.0375 0.146484375
0 0.43828125 0.4482421875 0.0234375 0.056640625
2 0.41640625 0.4599609375 0.0234375 0.033203125
2 0.3734375 0.455078125 0.021875 0.01953125
0 0.1921875 0.45703125 0.01875 0.046875
1 0.165625 0.4794921875 0.01875 0.041015625
