0 0.96328125 0.5009765625 0.0328125 0.060546875
0 0.91875 0.494140625 0.0375 0.078125
0 0.89375 0.5244140625 0.025 0.115234375
0 0.875 0.525390625 0.028125 0.10546875
0 0.8421875 0.509765625 0.025 0.11328125
0 0.790625 0.5302734375 0.040625 0.119140625
0 0.72421875 0.5390625 0.0328125 0.1015625
0 0.69921875 0.5048828125 0.0453125 0.083984375
0 0.096875 0.490234375 0.021875 0.0625
0 0.0765625 0.490234375 0.01875 0.0625
2 0.128125 0.4931640625 0.05 0.064453125
2 0.1828125 0.4970703125 0.034375 0.068359375
2 0.215625 0.498046875 0.0375 0.0546875
2 0.2625 0.5009765625 0.03125 0.044921875
