2 0.49296875 0.5205078125 0.1421875 0.134765625
2 0.93359375 0.447265625 0.1265625 0.14453125
2 0.95 0.4873046875 0.090625 0.119140625
0 0.85546875 0.48046875 0.0546875 0.18359375
0 0.7921875 0.4892578125 0.05625 0.185546875
0 0.6203125 0.4638671875 0.028125 0.076171875
0 0.009375 0.5185546875 0.021875 0.087890625
0 0.58671875 0.4580078125 0.0234375 0.052734375
2 0.34375 0.4755859375 0.08125 0.037109375
0 0.1234375 0.490234375 0.025 0.03125
2 0.725 0.45703125 0.0375 0.0625
2 0.64375 0.4482421875 0.025 0.033203125
0 0.665625 0.4345703125 0.01875 0.041015625
