2 0.725 0.482421875 0.1625 0.10546875
2 0.91484375 0.46875 0.0453125 0.06640625
2 0.5546875 0.4833984375 0.10625 0.080078125
2 0.45703125 0.4853515625 0.0984375 0.083984375
0 0.21328125 0.4609375 0.0109375 0.0703125
0 0.2296875 0.4404296875 0.015625 0.025390625
1 0.3015625 0.494140625 0.01875 0.04296875
0 0.6890625 0.4423828125 0.021875 0.029296875
2 0.85234375 0.4794921875 0.0703125 0.095703125
0 0.32265625 0.458984375 0.0171875 0.05078125
0 0.30546875 0.4580078125 0.0140625 0.037109375
0 0.271875 0.453125 0.0125 0.03125
0 0.175 0.466796875 0.021875 0.078125
1 0.15 0.4853515625 0.01875 0.033203125
1 0.13671875 0.48046875 0.0203125 0.046875
1 0.11640625 0.48046875 0.0234375 0.05859375
1 0.0890625 0.494140625 0.034375 0.11328125
1 0.0484375 0.48828125 0.01875 0.0625
1 0.02578125 0.5146484375 0.0328125 0.103515625
1 0.00703125 0.498046875 0.0171875 0.0703125
