1 0.82421875 0.6484375 0.0703125 0.1015625
2 0.13984375 0.5302734375 0.1734375 0.134765625
2 0.2484375 0.5107421875 0.10625 0.095703125
2 0.321875 0.4921875 0.078125 0.05859375
2 0.54609375 0.4599609375 0.0328125 0.037109375
2 0.63671875 0.5009765625 0.0921875 0.095703125
2 0.74765625 0.478515625 0.0453125 0.0703125
2 0.7796875 0.4912109375 0.059375 0.076171875
0 0.96328125 0.4853515625 0.0671875 0.158203125
2 0.36328125 0.4853515625 0.0484375 0.060546875
2 0.38515625 0.48046875 0.0265625 0.0546875
2 0.4 0.470703125 0.05 0.0546875
2 0.43515625 0.4658203125 0.0234375 0.041015625
2 0.45078125 0.4638671875 0.0203125 0.037109375
2 0.4671875 0.4619140625 0.021875 0.029296875
2 0.484375 0.458984375 0.01875 0.03125
