2 0.44609375 0.466796875 0.0328125 0.04296875
2 0.4125 0.458984375 0.03125 0.0390625
0 0.71328125 0.4775390625 0.0265625 0.103515625
0 0.68828125 0.466796875 0.0328125 0.12109375
0 0.659375 0.4658203125 0.028125 0.091796875
0 0.63828125 0.4658203125 0.0265625 0.083984375
0 0.58203125 0.4609375 0.0234375 0.0625
0 0.60234375 0.4560546875 0.0234375 0.064453125
2 0.80703125 0.4638671875 0.0671875 0.072265625
2 0.921875 0.44140625 0.146875 0.13671875
2 0.94921875 0.48828125 0.0953125 0.12109375
0 0.16796875 0.4755859375 0.0203125 0.041015625
0 0.128125 0.4853515625 0.021875 0.033203125
0 0.11171875 0.486328125 0.0171875 0.0546875
0 0.3609375 0.4599609375 0.009375 0.025390625
0 0.3671875 0.458984375 0.009375 0.02734375
