2 0.3625 0.486328125 0.1 0.08203125
2 0.209375 0.6201171875 0.421875 0.306640625
0 0.60625 0.462890625 0.025 0.10546875
0 0.67890625 0.4580078125 0.0265625 0.091796875
0 0.76171875 0.509765625 0.0703125 0.1875
0 0.81953125 0.4697265625 0.0609375 0.189453125
0 0.89921875 0.6494140625 0.1953125 0.615234375
0 0.54765625 0.4638671875 0.0203125 0.037109375
0 0.578125 0.453125 0.021875 0.046875
0 0.6515625 0.4658203125 0.025 0.087890625
0 0.63203125 0.455078125 0.0296875 0.08984375
2 0.965625 0.4033203125 0.059375 0.060546875
