2 0.39609375 0.4619140625 0.0609375 0.056640625
2 0.43515625 0.4560546875 0.0328125 0.041015625
2 0.11953125 0.4375 0.1734375 0.07421875
2 0.0609375 0.5673828125 0.121875 0.232421875
2 0.16484375 0.5185546875 0.1703125 0.162109375
2 0.2625 0.49609375 0.0875 0.12890625
2 0.321875 0.4814453125 0.065625 0.099609375
0 0.34296875 0.4404296875 0.0203125 0.052734375
0 0.621875 0.453125 0.01875 0.046875
0 0.678125 0.482421875 0.01875 0.05859375
0 0.72578125 0.5185546875 0.0453125 0.166015625
0 0.796875 0.552734375 0.06875 0.22265625
2 0.9171875 0.5322265625 0.146875 0.107421875
2 0.86484375 0.501953125 0.1203125 0.1015625
2 0.7609375 0.48828125 0.046875 0.07421875
2 0.6625 0.4775390625 0.028125 0.037109375
2 0.64375 0.458984375 0.028125 0.0390625
2 0.578125 0.453125 0.03125 0.0390625
2 0.54609375 0.4404296875 0.0140625 0.021484375
2 0.4515625 0.4462890625 0.028125 0.041015625
2 0.4828125 0.439453125 0.01875 0.02734375
