2 0.90625 0.6318359375 0.18125 0.212890625
2 0.7890625 0.544921875 0.171875 0.15625
2 0.6796875 0.501953125 0.08125 0.0859375
2 0.6546875 0.486328125 0.065625 0.0703125
2 0.63046875 0.474609375 0.0515625 0.0625
2 0.6140625 0.4697265625 0.053125 0.068359375
2 0.56875 0.451171875 0.034375 0.03515625
0 0.52421875 0.4482421875 0.0140625 0.037109375
0 0.3171875 0.4541015625 0.01875 0.044921875
0 0.33515625 0.453125 0.0140625 0.046875
0 0.34609375 0.453125 0.0140625 0.046875
0 0.40234375 0.4453125 0.0109375 0.03515625
0 0.4109375 0.443359375 0.0125 0.0390625
2 0.49921875 0.4443359375 0.0234375 0.025390625
2 0.79140625 0.4501953125 0.0296875 0.033203125
