2 0.96796875 0.7138671875 0.0578125 0.169921875
2 0.871875 0.583984375 0.246875 0.2265625
2 0.7078125 0.5205078125 0.103125 0.103515625
2 0.671875 0.5087890625 0.06875 0.095703125
2 0.65234375 0.4931640625 0.0609375 0.072265625
2 0.615625 0.4755859375 0.05 0.064453125
2 0.5640625 0.4599609375 0.034375 0.029296875
2 0.49921875 0.4501953125 0.0265625 0.029296875
0 0.53125 0.455078125 0.015625 0.0390625
0 0.4375 0.451171875 0.0125 0.03515625
0 0.39453125 0.455078125 0.0140625 0.03515625
0 0.303125 0.4658203125 0.015625 0.052734375
0 0.3203125 0.4658203125 0.0125 0.048828125
0 0.32890625 0.4638671875 0.0171875 0.048828125
