2 0.0421875 0.6376953125 0.0875 0.240234375
0 0.15234375 0.4755859375 0.0203125 0.056640625
0 0.53203125 0.4580078125 0.0203125 0.056640625
2 0.13046875 0.58984375 0.1703125 0.1796875
2 0.21328125 0.537109375 0.1109375 0.109375
2 0.2921875 0.5048828125 0.084375 0.119140625
2 0.3390625 0.4921875 0.046875 0.06640625
2 0.39296875 0.458984375 0.0515625 0.05859375
2 0.96875 0.87890625 0.05625 0.23046875
2 0.86875 0.7119140625 0.25 0.294921875
2 0.71328125 0.541015625 0.1609375 0.15234375
2 0.6375 0.5244140625 0.075 0.103515625
2 0.61484375 0.501953125 0.0484375 0.08984375
2 0.609375 0.4873046875 0.06875 0.095703125
2 0.425 0.4521484375 0.021875 0.041015625
2 0.56328125 0.4619140625 0.0453125 0.056640625
