2 0.60625 0.384765625 0.040625 0.0234375
2 0.48125 0.4267578125 0.0375 0.044921875
2 0.45859375 0.4228515625 0.0171875 0.025390625
2 0.4515625 0.4111328125 0.01875 0.021484375
2 0.44375 0.3994140625 0.015625 0.021484375
0 0.4109375 0.4248046875 0.025 0.095703125
1 0.37890625 0.4697265625 0.0328125 0.044921875
2 0.3875 0.392578125 0.015625 0.01953125
2 0.38203125 0.4208984375 0.0234375 0.037109375
0 0.3609375 0.42578125 0.021875 0.05078125
2 0.3171875 0.4384765625 0.08125 0.091796875
2 0.603125 0.49609375 0.453125 0.21484375
