0 0.540625 0.470703125 0.021875 0.0625
0 0.67890625 0.45703125 0.0234375 0.0546875
0 0.5984375 0.462890625 0.025 0.07421875
2 0.27421875 0.45703125 0.0234375 0.04296875
2 0.18984375 0.46484375 0.0953125 0.09765625
2 0.12890625 0.4658203125 0.0484375 0.060546875
2 0.06328125 0.48828125 0.1296875 0.109375
0 0.76796875 0.447265625 0.0203125 0.04296875
2 0.446875 0.46484375 0.1 0.109375
2 0.32890625 0.453125 0.0265625 0.02734375
2 0.2984375 0.4541015625 0.03125 0.041015625
2 0.25 0.4697265625 0.040625 0.068359375
