2 0.1359375 0.5244140625 0.18125 0.134765625
2 0.2421875 0.4970703125 0.090625 0.083984375
2 0.31484375 0.486328125 0.0765625 0.0625
2 0.58125 0.474609375 0.065625 0.05859375
2 0.74453125 0.484375 0.0453125 0.05078125
0 0.69609375 0.490234375 0.0359375 0.10546875
0 0.51328125 0.4619140625 0.0171875 0.052734375
2 0.38515625 0.47265625 0.0421875 0.05078125
2 0.35 0.474609375 0.053125 0.0625
2 0.41484375 0.4619140625 0.0421875 0.041015625
2 0.44765625 0.4560546875 0.0203125 0.033203125
0 0.484375 0.453125 0.0125 0.03125
2 0.5296875 0.458984375 0.01875 0.03515625
2 0.0109375 0.552734375 0.025 0.09375
