2 0.10234375 0.62109375 0.2046875 0.23046875
2 0.20546875 0.5576171875 0.1265625 0.158203125
0 0.303125 0.6103515625 0.1 0.255859375
2 0.33515625 0.49609375 0.0765625 0.1015625
2 0.37734375 0.478515625 0.0421875 0.0703125
2 0.39765625 0.4755859375 0.0328125 0.064453125
2 0.40625 0.466796875 0.046875 0.08203125
2 0.4734375 0.4482421875 0.040625 0.033203125
2 0.590625 0.4521484375 0.03125 0.037109375
2 0.659375 0.5048828125 0.065625 0.076171875
2 0.7140625 0.533203125 0.115625 0.109375
0 0.9328125 0.7255859375 0.125 0.462890625
1 0.29453125 0.697265625 0.0859375 0.1640625
2 0.83828125 0.646484375 0.1671875 0.32421875
