1 0.30078125 0.4892578125 0.0984375 0.091796875
0 0.30078125 0.466796875 0.0421875 0.13671875
0 0.428125 0.458984375 0.05 0.1015625
1 0.415625 0.4912109375 0.040625 0.076171875
1 0.1265625 0.5 0.0625 0.09765625
1 0.20234375 0.5078125 0.0546875 0.08203125
0 0.16171875 0.44921875 0.0578125 0.16015625
0 0.5046875 0.435546875 0.05625 0.12890625
1 0.5078125 0.494140625 0.05625 0.06640625
0 0.5734375 0.435546875 0.04375 0.10546875
0 0.6 0.427734375 0.021875 0.0625
0 0.6671875 0.439453125 0.040625 0.078125
1 0.6671875 0.474609375 0.040625 0.046875
1 0.55859375 0.48046875 0.0421875 0.0546875
1 0.81640625 0.458984375 0.0515625 0.05078125
0 0.81640625 0.423828125 0.0359375 0.0625
2 0.26640625 0.4140625 0.0515625 0.05859375
2 0.39921875 0.4169921875 0.1546875 0.099609375
