0 0.5484375 0.4716796875 0.021875 0.060546875
2 0.53359375 0.45703125 0.0265625 0.02734375
2 0.63125 0.4912109375 0.065625 0.076171875
2 0.5953125 0.4833984375 0.034375 0.056640625
2 0.7234375 0.5107421875 0.1625 0.181640625
2 0.87421875 0.591796875 0.2453125 0.4296875
2 0.42265625 0.4775390625 0.0390625 0.041015625
2 0.37578125 0.4794921875 0.0734375 0.072265625
2 0.271875 0.494140625 0.0875 0.11328125
0 0.4875 0.4599609375 0.0125 0.025390625
0 0.4734375 0.4677734375 0.0125 0.041015625
0 0.46171875 0.4658203125 0.0109375 0.044921875
2 0.33125 0.470703125 0.040625 0.05078125
2 0.1734375 0.5146484375 0.18125 0.146484375
0 0.56328125 0.470703125 0.0171875 0.0546875
0 0.58125 0.4794921875 0.01875 0.052734375
