2 0.97265625 0.458984375 0.0453125 0.07421875
2 0.9125 0.4638671875 0.071875 0.060546875
2 0.83046875 0.443359375 0.0984375 0.078125
0 0.76640625 0.4560546875 0.0359375 0.115234375
0 0.7046875 0.4404296875 0.025 0.095703125
0 0.6875 0.44140625 0.021875 0.09375
0 0.6359375 0.4130859375 0.01875 0.056640625
0 0.61640625 0.4130859375 0.0234375 0.060546875
0 0.60390625 0.4208984375 0.0203125 0.064453125
0 0.58203125 0.41796875 0.0203125 0.05859375
0 0.5640625 0.4208984375 0.01875 0.052734375
0 0.55 0.4208984375 0.01875 0.052734375
0 0.534375 0.421875 0.01875 0.04296875
0 0.5109375 0.427734375 0.01875 0.05078125
2 0.4421875 0.439453125 0.03125 0.02734375
0 0.26796875 0.44140625 0.0140625 0.03125
0 0.253125 0.4345703125 0.01875 0.041015625
0 0.240625 0.4345703125 0.015625 0.048828125
0 0.221875 0.435546875 0.0125 0.05078125
0 0.2078125 0.43359375 0.021875 0.05859375
2 0.09765625 0.4833984375 0.1609375 0.134765625
2 0.984375 0.4765625 0.025 0.0390625
