1 0.5484375 0.5263671875 0.021875 0.103515625
1 0.4671875 0.5234375 0.01875 0.09375
1 0.42734375 0.5068359375 0.0140625 0.068359375
1 0.8265625 0.5576171875 0.071875 0.083984375
1 0.77109375 0.5078125 0.0140625 0.046875
1 0.89765625 0.505859375 0.0390625 0.0625
1 0.9578125 0.4990234375 0.078125 0.083984375
2 0.25703125 0.48046875 0.0796875 0.05859375
2 0.29375 0.47265625 0.040625 0.05078125
0 0.028125 0.4736328125 0.03125 0.099609375
0 0.0796875 0.4736328125 0.03125 0.099609375
0 0.1171875 0.462890625 0.021875 0.09765625
0 0.815625 0.46875 0.034375 0.16015625
0 0.78984375 0.46875 0.0234375 0.140625
1 0.884375 0.546875 0.040625 0.1015625
1 0.73671875 0.5009765625 0.0203125 0.068359375
0 0.634375 0.447265625 0.0125 0.03125
0 0.62109375 0.4482421875 0.0140625 0.041015625
1 0.60625 0.4892578125 0.025 0.052734375
1 0.58671875 0.4873046875 0.0203125 0.056640625
0 0.55 0.4765625 0.040625 0.16796875
0 0.46640625 0.4765625 0.0359375 0.1484375
0 0.42734375 0.453125 0.0265625 0.0546875
2 0.40703125 0.4677734375 0.0203125 0.029296875
2 0.3625 0.4609375 0.021875 0.01953125
1 0.1890625 0.4794921875 0.021875 0.044921875
