2 0.5375 0.474609375 0.071875 0.08984375
2 0.3921875 0.484375 0.05 0.06640625
0 0.4640625 0.4794921875 0.025 0.072265625
0 0.36015625 0.501953125 0.0265625 0.08203125
2 0.3265625 0.5087890625 0.059375 0.091796875
2 0.246875 0.5439453125 0.146875 0.119140625
2 0.0859375 0.6279296875 0.175 0.212890625
2 0.67421875 0.505859375 0.1203125 0.1171875
2 0.725 0.552734375 0.121875 0.13671875
2 0.825 0.60546875 0.215625 0.18359375
2 0.92421875 0.796875 0.1421875 0.34375
2 0.6140625 0.482421875 0.05625 0.0703125
2 0.75234375 0.4658203125 0.0578125 0.044921875
2 0.75 0.4375 0.05625 0.0234375
2 0.9515625 0.4765625 0.0875 0.0859375
2 0.86953125 0.4697265625 0.0609375 0.072265625
2 0.80703125 0.462890625 0.0296875 0.0625
2 0.50078125 0.455078125 0.0265625 0.03515625
