2 0.065625 0.5458984375 0.134375 0.248046875
2 0.240625 0.4609375 0.0875 0.06640625
2 0.31640625 0.4736328125 0.0921875 0.087890625
2 0.38046875 0.462890625 0.0546875 0.0546875
2 0.4140625 0.44921875 0.034375 0.0546875
0 0.65078125 0.4580078125 0.0203125 0.060546875
2 0.7265625 0.490234375 0.078125 0.0859375
2 0.9140625 0.5 0.134375 0.1171875
2 0.9375 0.509765625 0.11875 0.125
0 0.81328125 0.5576171875 0.0734375 0.283203125
2 0.6671875 0.458984375 0.025 0.0546875
2 0.6015625 0.4501953125 0.025 0.033203125
2 0.575 0.4541015625 0.040625 0.044921875
2 0.534375 0.443359375 0.01875 0.0234375
2 0.43828125 0.4501953125 0.0203125 0.033203125
2 0.45078125 0.447265625 0.0234375 0.02734375
2 0.46171875 0.44140625 0.0234375 0.02734375
2 0.11328125 0.4453125 0.0671875 0.03515625
