0 0.740625 0.4765625 0.04375 0.09765625
0 0.90859375 0.521484375 0.0578125 0.2265625
0 0.9625 0.529296875 0.0625 0.3984375
1 0.9828125 0.67578125 0.025 0.17578125
1 0.90859375 0.5966796875 0.0359375 0.099609375
1 0.7375 0.5126953125 0.028125 0.068359375
2 0.8515625 0.509765625 0.0625 0.10546875
2 0.8265625 0.5 0.053125 0.08203125
2 0.79609375 0.4990234375 0.0453125 0.072265625
2 0.5390625 0.484375 0.05 0.03515625
2 0.47890625 0.48828125 0.0484375 0.05078125
2 0.41875 0.490234375 0.08125 0.06640625
2 0.10546875 0.517578125 0.2109375 0.265625
