2 0.77890625 0.4775390625 0.0921875 0.123046875
0 0.884375 0.4951171875 0.071875 0.201171875
1 0.89375 0.5556640625 0.0375 0.099609375
1 0.8734375 0.5771484375 0.01875 0.060546875
1 0.73046875 0.5458984375 0.0453125 0.060546875
0 0.7296875 0.4892578125 0.04375 0.119140625
0 0.6796875 0.4677734375 0.04375 0.123046875
1 0.6828125 0.513671875 0.0375 0.0546875
0 0.62578125 0.45703125 0.0296875 0.0859375
1 0.62578125 0.490234375 0.0234375 0.05078125
2 0.4671875 0.42578125 0.025 0.02734375
2 0.45 0.4306640625 0.021875 0.033203125
2 0.43046875 0.439453125 0.0359375 0.046875
0 0.58515625 0.4541015625 0.0203125 0.056640625
