0 0.78984375 0.5234375 0.1421875 0.390625
0 0.64140625 0.560546875 0.1359375 0.4609375
0 0.3640625 0.4775390625 0.03125 0.103515625
0 0.3296875 0.4765625 0.03125 0.09765625
2 0.9109375 0.515625 0.171875 0.2890625
3 0.86484375 0.6669921875 0.0734375 0.091796875
2 0.56640625 0.478515625 0.0671875 0.14453125
2 0.71640625 0.4365234375 0.0421875 0.064453125
2 0.53125 0.4765625 0.05625 0.1015625
2 0.496875 0.5 0.059375 0.09765625
2 0.478125 0.478515625 0.1125 0.09765625
2 0.4109375 0.4755859375 0.040625 0.072265625
2 0.07421875 0.484375 0.1078125 0.1015625
2 0.034375 0.4921875 0.071875 0.10546875
