2 0.046875 0.505859375 0.096875 0.21484375
2 0.1734375 0.4970703125 0.153125 0.154296875
2 0.29765625 0.482421875 0.0953125 0.08203125
2 0.5484375 0.4853515625 0.04375 0.083984375
2 0.6 0.486328125 0.096875 0.1484375
2 0.70390625 0.505859375 0.2015625 0.23046875
2 0.84921875 0.576171875 0.2953125 0.32421875
2 0.4796875 0.4677734375 0.059375 0.056640625
2 0.42109375 0.462890625 0.0546875 0.05078125
2 0.5453125 0.4716796875 0.0625 0.083984375
2 0.346875 0.46875 0.021875 0.03515625
2 0.3625 0.4658203125 0.01875 0.029296875
2 0.3765625 0.4638671875 0.01875 0.025390625
