0 0.925 0.4375 0.04375 0.05859375
1 0.92421875 0.5751953125 0.1078125 0.208984375
1 0.7671875 0.5166015625 0.075 0.154296875
1 0.63671875 0.587890625 0.0546875 0.20703125
1 0.5140625 0.5869140625 0.0375 0.185546875
1 0.38984375 0.494140625 0.0171875 0.0703125
1 0.68203125 0.490234375 0.0171875 0.078125
1 0.721875 0.494140625 0.034375 0.0625
1 0.825 0.517578125 0.0375 0.125
1 0.84921875 0.521484375 0.0234375 0.1171875
1 0.9875 0.55078125 0.01875 0.171875
0 0.98125 0.44140625 0.01875 0.03125
0 0.9625 0.4443359375 0.021875 0.037109375
0 0.63671875 0.392578125 0.0859375 0.1953125
0 0.5859375 0.4404296875 0.021875 0.060546875
1 0.58515625 0.4833984375 0.0234375 0.037109375
0 0.51015625 0.419921875 0.0734375 0.15625
0 0.39140625 0.4345703125 0.0296875 0.056640625
0 0.3109375 0.44140625 0.0125 0.0234375
