0 0.96015625 0.529296875 0.0546875 0.1796875
0 0.87578125 0.5302734375 0.0359375 0.146484375
0 0.8390625 0.521484375 0.034375 0.13671875
2 0.409375 0.515625 0.06875 0.08984375
2 0.48359375 0.5400390625 0.1234375 0.123046875
2 0.29765625 0.50390625 0.0859375 0.08984375
0 0.18984375 0.48046875 0.0171875 0.05859375
0 0.15 0.4931640625 0.021875 0.068359375
0 0.1265625 0.494140625 0.021875 0.05859375
2 0.0328125 0.5234375 0.06875 0.078125
0 0.9921875 0.525390625 0.009375 0.16796875
0 0.16875 0.4873046875 0.01875 0.060546875
2 0.3484375 0.486328125 0.03125 0.05078125
2 0.43984375 0.458984375 0.0703125 0.04296875
2 0.49609375 0.4619140625 0.0421875 0.041015625
2 0.36875 0.470703125 0.03125 0.04296875
0 0.91796875 0.513671875 0.0328125 0.13671875
0 0.74453125 0.49609375 0.0203125 0.0859375
0 0.790625 0.4482421875 0.015625 0.041015625
0 0.678125 0.490234375 0.021875 0.078125
0 0.6546875 0.4873046875 0.025 0.072265625
0 0.83046875 0.4365234375 0.0140625 0.037109375
0 0.8453125 0.43359375 0.0125 0.03515625
0 0.6125 0.4833984375 0.01875 0.060546875
0 0.62890625 0.482421875 0.0171875 0.0625
0 0.71953125 0.46484375 0.0171875 0.046875
0 0.7015625 0.458984375 0.01875 0.04296875
0 0.5953125 0.466796875 0.01875 0.05078125
0 0.56640625 0.4501953125 0.0109375 0.037109375
0 0.55625 0.4501953125 0.0125 0.037109375
