0 0.765625 0.501953125 0.01875 0.1171875
0 0.7 0.498046875 0.078125 0.15625
2 0.54921875 0.50390625 0.0765625 0.0625
2 0.496875 0.49609375 0.034375 0.046875
2 0.43828125 0.501953125 0.0265625 0.02734375
2 0.40703125 0.5009765625 0.0328125 0.033203125
2 0.3796875 0.4970703125 0.028125 0.037109375
2 0.34921875 0.494140625 0.0234375 0.03515625
2 0.3203125 0.4921875 0.028125 0.03515625
2 0.2921875 0.4970703125 0.03125 0.041015625
2 0.2625 0.498046875 0.028125 0.0390625
2 0.23125 0.4931640625 0.03125 0.044921875
2 0.20078125 0.49609375 0.0296875 0.05078125
2 0.11015625 0.525390625 0.1671875 0.1328125
2 0.04140625 0.501953125 0.0859375 0.09375
