0 0.846875 0.458984375 0.028125 0.11328125
2 0.903125 0.486328125 0.084375 0.06640625
2 0.80546875 0.482421875 0.0390625 0.0625
2 0.76328125 0.48828125 0.0328125 0.05078125
2 0.70625 0.4921875 0.059375 0.0546875
0 0.48671875 0.400390625 0.0296875 0.0546875
2 0.51875 0.494140625 0.1625 0.19140625
2 0.29609375 0.482421875 0.0203125 0.03125
2 0.2765625 0.4853515625 0.025 0.037109375
2 0.25546875 0.48828125 0.0390625 0.03125
2 0.128125 0.4951171875 0.20625 0.099609375
2 0.41875 0.55859375 0.28125 0.2890625
