0 0.06875 0.505859375 0.025 0.06640625
0 0.0890625 0.515625 0.03125 0.09765625
0 0.26015625 0.5048828125 0.0203125 0.064453125
0 0.83515625 0.49609375 0.0265625 0.0703125
0 0.86171875 0.5048828125 0.0328125 0.060546875
0 0.92890625 0.4892578125 0.0203125 0.052734375
0 0.9515625 0.4951171875 0.046875 0.060546875
0 0.98359375 0.5048828125 0.0234375 0.052734375
2 0.384375 0.50390625 0.046875 0.0546875
2 0.440625 0.509765625 0.05 0.05078125
2 0.54296875 0.6474609375 0.3203125 0.345703125
0 0.64375 0.509765625 0.025 0.05078125
