2 0.68046875 0.4931640625 0.0203125 0.044921875
2 0.659375 0.4853515625 0.021875 0.052734375
2 0.5171875 0.4462890625 0.021875 0.025390625
2 0.559375 0.5 0.103125 0.10546875
2 0.4859375 0.466796875 0.021875 0.02734375
2 0.46328125 0.4716796875 0.0203125 0.025390625
2 0.4421875 0.4677734375 0.021875 0.025390625
2 0.42421875 0.470703125 0.0265625 0.03515625
2 0.40703125 0.4755859375 0.0234375 0.041015625
2 0.39453125 0.4775390625 0.0234375 0.041015625
2 0.36484375 0.4755859375 0.0359375 0.044921875
2 0.3359375 0.486328125 0.0625 0.05078125
2 0.19765625 0.501953125 0.1421875 0.1015625
