2 0.97734375 0.57421875 0.0390625 0.05859375
0 0.93984375 0.5263671875 0.0265625 0.099609375
0 0.86171875 0.5234375 0.0390625 0.1015625
2 0.7140625 0.509765625 0.0875 0.0859375
2 0.6578125 0.494140625 0.046875 0.06640625
0 0.5328125 0.498046875 0.034375 0.08984375
2 0.48984375 0.4580078125 0.0171875 0.021484375
2 0.42734375 0.4609375 0.0203125 0.03125
2 0.39453125 0.4658203125 0.0484375 0.056640625
0 0.33828125 0.4560546875 0.0140625 0.044921875
0 0.31484375 0.458984375 0.0203125 0.05078125
0 0.26953125 0.4814453125 0.0546875 0.091796875
2 0.1046875 0.46875 0.2125 0.13671875
