0 0.73359375 0.4814453125 0.0234375 0.076171875
1 0.73515625 0.537109375 0.0328125 0.02734375
0 0.66796875 0.4853515625 0.0203125 0.087890625
2 0.4828125 0.509765625 0.125 0.13671875
2 0.37109375 0.4794921875 0.0421875 0.041015625
0 0.290625 0.4794921875 0.01875 0.033203125
0 0.26171875 0.4833984375 0.0140625 0.041015625
0 0.25078125 0.48046875 0.0109375 0.04296875
0 0.2359375 0.482421875 0.015625 0.046875
0 0.2046875 0.484375 0.0125 0.05078125
0 0.1875 0.4873046875 0.009375 0.037109375
0 0.16796875 0.48828125 0.0140625 0.04296875
