2 0.88046875 0.56640625 0.2328125 0.24609375
2 0.69375 0.50390625 0.171875 0.15234375
2 0.6265625 0.4794921875 0.115625 0.130859375
2 0.5734375 0.486328125 0.03125 0.078125
2 0.55078125 0.484375 0.0359375 0.0625
1 0.2203125 0.5078125 0.028125 0.05078125
2 0.00625 0.5361328125 0.015625 0.111328125
2 0.04765625 0.5205078125 0.0984375 0.115234375
2 0.0625 0.4677734375 0.128125 0.072265625
2 0.49375 0.4599609375 0.040625 0.044921875
2 0.471875 0.4599609375 0.015625 0.037109375
2 0.459375 0.4599609375 0.01875 0.029296875
2 0.44765625 0.462890625 0.0203125 0.0234375
2 0.43359375 0.458984375 0.0203125 0.0234375
2 0.39375 0.458984375 0.021875 0.0234375
2 0.375 0.4638671875 0.021875 0.025390625
2 0.3546875 0.4619140625 0.021875 0.029296875
2 0.32421875 0.46484375 0.0453125 0.0390625
0 0.221875 0.4580078125 0.03125 0.056640625
