2 0.18671875 0.587890625 0.2265625 0.18359375
2 0.30703125 0.5390625 0.1078125 0.12109375
2 0.365625 0.5 0.109375 0.11328125
2 0.42734375 0.484375 0.0328125 0.0625
2 0.69296875 0.501953125 0.0609375 0.06640625
2 0.81484375 0.564453125 0.1953125 0.18359375
2 0.9109375 0.638671875 0.171875 0.24609375
0 0.725 0.5673828125 0.059375 0.146484375
0 0.590625 0.48828125 0.025 0.09765625
0 0.53359375 0.4873046875 0.0296875 0.099609375
1 0.53203125 0.5224609375 0.0203125 0.056640625
2 0.665625 0.490234375 0.046875 0.0625
2 0.646875 0.478515625 0.034375 0.0625
2 0.44765625 0.4794921875 0.0359375 0.064453125
2 0.46796875 0.4697265625 0.0265625 0.044921875
2 0.4984375 0.453125 0.03125 0.03125
