2 0.07890625 0.5302734375 0.1609375 0.283203125
2 0.27890625 0.4658203125 0.0984375 0.091796875
2 0.3390625 0.4609375 0.0375 0.046875
2 0.8984375 0.517578125 0.084375 0.1484375
2 0.790625 0.509765625 0.075 0.14453125
2 0.69140625 0.4931640625 0.0671875 0.115234375
0 0.846875 0.509765625 0.05625 0.2109375
0 0.7453125 0.484375 0.05 0.171875
0 0.603125 0.474609375 0.01875 0.0625
0 0.62890625 0.478515625 0.0296875 0.09375
0 0.6578125 0.4853515625 0.034375 0.107421875
1 0.85 0.5830078125 0.053125 0.103515625
1 0.7453125 0.548828125 0.040625 0.0859375
1 0.65234375 0.525390625 0.0234375 0.06640625
1 0.63046875 0.517578125 0.0265625 0.0546875
1 0.60234375 0.5078125 0.0234375 0.04296875
1 0.571875 0.501953125 0.021875 0.0390625
0 0.56953125 0.470703125 0.0265625 0.0625
0 0.5390625 0.4677734375 0.021875 0.072265625
1 0.53828125 0.494140625 0.0203125 0.04296875
