0 0.70703125 0.4638671875 0.0203125 0.052734375
2 0.59921875 0.453125 0.0578125 0.046875
2 0.5640625 0.4404296875 0.028125 0.041015625
2 0.5546875 0.427734375 0.034375 0.046875
2 0.5328125 0.4296875 0.021875 0.03515625
2 0.5140625 0.4306640625 0.021875 0.029296875
2 0.46875 0.439453125 0.0125 0.015625
2 0.40859375 0.431640625 0.0359375 0.03515625
0 0.42578125 0.50390625 0.0546875 0.140625
0 0.375 0.4453125 0.021875 0.0859375
2 0.32265625 0.4609375 0.0796875 0.08984375
2 0.03984375 0.544921875 0.0828125 0.15625
0 0.37265625 0.509765625 0.0140625 0.02734375
