2 0.89296875 0.5126953125 0.2078125 0.388671875
2 0.78828125 0.4970703125 0.1703125 0.177734375
2 0.61015625 0.490234375 0.0671875 0.0703125
2 0.5171875 0.498046875 0.021875 0.0234375
2 0.471875 0.4912109375 0.040625 0.044921875
2 0.440625 0.5 0.01875 0.03125
2 0.425 0.4990234375 0.021875 0.033203125
2 0.40234375 0.4951171875 0.0203125 0.041015625
2 0.35 0.4970703125 0.053125 0.048828125
2 0.28125 0.4990234375 0.084375 0.076171875
0 0.0765625 0.50390625 0.025 0.12890625
2 0.1625 0.501953125 0.15 0.1484375
2 0.5734375 0.4931640625 0.01875 0.052734375
