0 0.421875 0.484375 0.021875 0.0703125
0 0.4421875 0.48046875 0.021875 0.06640625
0 0.578125 0.4931640625 0.040625 0.123046875
0 0.6375 0.505859375 0.059375 0.1875
2 0.9625 0.4931640625 0.06875 0.095703125
2 0.70078125 0.5263671875 0.0953125 0.115234375
2 0.9234375 0.7373046875 0.146875 0.384765625
2 0.39375 0.4931640625 0.04375 0.064453125
2 0.33515625 0.4970703125 0.0765625 0.091796875
2 0.265625 0.5107421875 0.125 0.099609375
2 0.09609375 0.5244140625 0.1921875 0.208984375
2 0.5421875 0.4765625 0.040625 0.0390625
2 0.45546875 0.4697265625 0.0265625 0.037109375
0 0.590625 0.4921875 0.021875 0.09765625
