2 0.025 0.5810546875 0.053125 0.208984375
2 0.08984375 0.572265625 0.1359375 0.15234375
2 0.16953125 0.5078125 0.0859375 0.06640625
2 0.22109375 0.478515625 0.0796875 0.046875
2 0.22265625 0.57421875 0.1984375 0.16796875
2 0.3296875 0.494140625 0.09375 0.1171875
2 0.38515625 0.47265625 0.0453125 0.07421875
2 0.459375 0.44921875 0.034375 0.0390625
2 0.8984375 0.8046875 0.196875 0.375
2 0.78125 0.654296875 0.303125 0.26171875
2 0.65859375 0.5458984375 0.1921875 0.181640625
2 0.5578125 0.4970703125 0.06875 0.083984375
2 0.56875 0.5107421875 0.05 0.087890625
2 0.50625 0.4501953125 0.0375 0.044921875
2 0.53515625 0.46484375 0.0609375 0.06640625
2 0.66484375 0.431640625 0.0578125 0.03125
0 0.475 0.4619140625 0.025 0.052734375
0 0.99140625 0.421875 0.0109375 0.04296875
0 0.97734375 0.419921875 0.0140625 0.0390625
