2 0.9140625 0.5322265625 0.134375 0.138671875
0 0.465625 0.4794921875 0.03125 0.064453125
0 0.4265625 0.4873046875 0.0375 0.123046875
0 0.39375 0.4736328125 0.05 0.087890625
0 0.2171875 0.51953125 0.05 0.08203125
0 0.18359375 0.4482421875 0.0421875 0.052734375
0 0.11015625 0.44140625 0.0421875 0.06640625
0 0.01640625 0.494140625 0.0328125 0.0703125
0 0.05390625 0.5166015625 0.0359375 0.119140625
1 0.471875 0.5908203125 0.1125 0.087890625
0 0.08984375 0.5048828125 0.0484375 0.072265625
0 0.24296875 0.44921875 0.0359375 0.03515625
