2 0.81640625 0.5654296875 0.1828125 0.154296875
2 0.721875 0.529296875 0.0875 0.09375
2 0.60625 0.474609375 0.0375 0.03515625
2 0.5421875 0.4658203125 0.040625 0.044921875
0 0.2546875 0.4609375 0.021875 0.05078125
0 0.234375 0.453125 0.01875 0.0625
0 0.4234375 0.4638671875 0.021875 0.052734375
2 0.58828125 0.4638671875 0.0234375 0.033203125
2 0.5765625 0.4638671875 0.01875 0.025390625
0 0.68125 0.46875 0.021875 0.03515625
0 0.65625 0.4638671875 0.01875 0.044921875
2 0.4421875 0.462890625 0.028125 0.03515625
0 0.31875 0.45703125 0.015625 0.04296875
0 0.3421875 0.4560546875 0.01875 0.033203125
0 0.35546875 0.451171875 0.0203125 0.0234375
