0 0.5328125 0.49609375 0.034375 0.12109375
0 0.6125 0.50390625 0.034375 0.125
2 0.96875 0.6923828125 0.053125 0.166015625
2 0.89765625 0.6162109375 0.1953125 0.177734375
2 0.78125 0.5556640625 0.13125 0.119140625
2 0.71796875 0.5263671875 0.1046875 0.083984375
2 0.3796875 0.5029296875 0.071875 0.087890625
2 0.3390625 0.5244140625 0.078125 0.123046875
2 0.17734375 0.5830078125 0.2765625 0.259765625
2 0.05703125 0.697265625 0.1171875 0.28125
2 0.46484375 0.453125 0.0328125 0.0390625
0 0.43046875 0.4482421875 0.0203125 0.037109375
0 0.4140625 0.4384765625 0.01875 0.029296875
0 0.403125 0.4384765625 0.01875 0.025390625
2 0.40625 0.4892578125 0.040625 0.072265625
2 0.4234375 0.478515625 0.034375 0.0625
2 0.93359375 0.498046875 0.1015625 0.06640625
2 0.67578125 0.4970703125 0.0703125 0.072265625
