0 0.6265625 0.4755859375 0.0375 0.154296875
1 0.66484375 0.5146484375 0.0359375 0.056640625
1 0.58125 0.5185546875 0.05 0.056640625
2 0.59296875 0.4501953125 0.0328125 0.060546875
2 0.5640625 0.4501953125 0.034375 0.072265625
2 0.546875 0.4560546875 0.01875 0.052734375
2 0.5296875 0.451171875 0.025 0.04296875
2 0.51328125 0.4443359375 0.0140625 0.025390625
2 0.5015625 0.4423828125 0.0125 0.025390625
2 0.49375 0.4453125 0.0125 0.01953125
2 0.45546875 0.462890625 0.0703125 0.06640625
2 0.3421875 0.45703125 0.05 0.078125
2 0.27265625 0.4677734375 0.0953125 0.091796875
2 0.41953125 0.4326171875 0.0359375 0.052734375
