2 0.4453125 0.44921875 0.08125 0.08984375
2 0.46640625 0.4697265625 0.0828125 0.095703125
2 0.096875 0.46875 0.090625 0.08984375
0 0.15703125 0.4560546875 0.0359375 0.095703125
0 0.19375 0.4482421875 0.028125 0.087890625
0 0.23359375 0.4404296875 0.0328125 0.087890625
0 0.353125 0.4521484375 0.034375 0.083984375
0 0.6859375 0.482421875 0.040625 0.125
3 0.7421875 0.53125 0.04375 0.0625
3 0.9046875 0.541015625 0.03125 0.0390625
0 0.97578125 0.490234375 0.0421875 0.1328125
1 0.153125 0.486328125 0.021875 0.06640625
1 0.18984375 0.4716796875 0.0203125 0.064453125
1 0.23125 0.4775390625 0.021875 0.060546875
1 0.3484375 0.478515625 0.03125 0.06640625
2 0.065625 0.4306640625 0.059375 0.056640625
2 0.01875 0.439453125 0.040625 0.06640625
