0 0.66328125 0.4365234375 0.0296875 0.107421875
1 0.68671875 0.470703125 0.0359375 0.05078125
1 0.634375 0.470703125 0.03125 0.046875
2 0.60390625 0.4091796875 0.0421875 0.076171875
2 0.4828125 0.423828125 0.0375 0.04296875
2 0.4203125 0.380859375 0.015625 0.015625
2 0.425 0.3984375 0.015625 0.01953125
2 0.4453125 0.3984375 0.015625 0.01953125
2 0.453125 0.4072265625 0.01875 0.017578125
2 0.4578125 0.42578125 0.015625 0.01953125
2 0.3875 0.3916015625 0.015625 0.017578125
2 0.38125 0.416015625 0.025 0.04296875
2 0.365625 0.4296875 0.021875 0.04296875
2 0.32109375 0.435546875 0.0890625 0.08984375
1 0.20625 0.4755859375 0.0375 0.044921875
0 0.16640625 0.443359375 0.0234375 0.09765625
0 0.14140625 0.44140625 0.0265625 0.1015625
1 0.128125 0.4716796875 0.034375 0.041015625
2 0.11953125 0.6123046875 0.2421875 0.380859375
