2 0.27265625 0.50390625 0.0828125 0.078125
2 0.31484375 0.486328125 0.0546875 0.05859375
2 0.44765625 0.453125 0.0453125 0.05078125
2 0.5875 0.48046875 0.084375 0.08984375
2 0.790625 0.6123046875 0.259375 0.220703125
2 0.9328125 0.5029296875 0.128125 0.115234375
0 0.71015625 0.4755859375 0.0203125 0.083984375
2 0.33984375 0.4775390625 0.0453125 0.052734375
2 0.3609375 0.474609375 0.021875 0.04296875
0 0.40625 0.4619140625 0.021875 0.056640625
2 0.3765625 0.458984375 0.046875 0.046875
2 0.4828125 0.4375 0.025 0.03125
0 0.4953125 0.4501953125 0.015625 0.044921875
2 0.54453125 0.466796875 0.0296875 0.046875
2 0.53828125 0.4541015625 0.0453125 0.060546875
