2 0.42265625 0.4765625 0.0546875 0.05078125
2 0.80546875 0.4599609375 0.0546875 0.076171875
2 0.9234375 0.4482421875 0.140625 0.146484375
2 0.9484375 0.4853515625 0.096875 0.130859375
0 0.70390625 0.4609375 0.0265625 0.1015625
0 0.6828125 0.4638671875 0.025 0.103515625
0 0.6578125 0.4677734375 0.028125 0.095703125
0 0.08984375 0.4716796875 0.0234375 0.025390625
0 0.109375 0.490234375 0.025 0.0625
0 0.59375 0.458984375 0.021875 0.05859375
2 0.7265625 0.4609375 0.0375 0.0625
0 0.55625 0.4560546875 0.01875 0.044921875
0 0.63359375 0.447265625 0.0203125 0.05078125
0 0.12578125 0.4853515625 0.0234375 0.037109375
0 0.3703125 0.4658203125 0.01875 0.037109375
