2 0.8765625 0.6044921875 0.240625 0.388671875
2 0.71171875 0.5283203125 0.2140625 0.177734375
2 0.5796875 0.4990234375 0.109375 0.099609375
2 0.5296875 0.48046875 0.05 0.0546875
2 0.45390625 0.470703125 0.0390625 0.0390625
1 0.3078125 0.5185546875 0.021875 0.056640625
1 0.028125 0.513671875 0.059375 0.11328125
1 0.36640625 0.482421875 0.0109375 0.02734375
0 0.24375 0.4521484375 0.015625 0.029296875
0 0.36875 0.462890625 0.015625 0.0234375
0 0.34765625 0.4638671875 0.0109375 0.048828125
0 0.33515625 0.4609375 0.0109375 0.0390625
0 0.325 0.4580078125 0.009375 0.037109375
0 0.309375 0.45703125 0.028125 0.0625
0 0.1390625 0.4716796875 0.0125 0.072265625
1 0.21796875 0.4931640625 0.0265625 0.052734375
1 0.19375 0.4931640625 0.025 0.068359375
1 0.178125 0.4853515625 0.01875 0.056640625
1 0.165625 0.4921875 0.021875 0.05078125
