0 0.85 0.4482421875 0.034375 0.072265625
0 0.1140625 0.4677734375 0.025 0.087890625
1 0.18359375 0.5380859375 0.0328125 0.068359375
1 0.09609375 0.49609375 0.0203125 0.07421875
2 0.88359375 0.5068359375 0.2265625 0.166015625
2 0.61875 0.5 0.13125 0.11328125
2 0.55078125 0.484375 0.0609375 0.08203125
2 0.43828125 0.48046875 0.0671875 0.06640625
1 0.70546875 0.494140625 0.0265625 0.046875
2 0.40703125 0.4609375 0.0203125 0.02734375
0 0.2953125 0.451171875 0.0125 0.02734375
1 0.24140625 0.48828125 0.0296875 0.0390625
0 0.184375 0.466796875 0.028125 0.078125
1 0.1515625 0.5087890625 0.021875 0.044921875
1 0.0484375 0.4990234375 0.03125 0.041015625
1 0.01484375 0.494140625 0.0328125 0.0546875
0 0.3421875 0.4638671875 0.0125 0.041015625
