0 0.01484375 0.515625 0.0265625 0.08203125
0 0.6171875 0.4638671875 0.025 0.076171875
0 0.775 0.48828125 0.05 0.17578125
0 0.8375 0.4794921875 0.053125 0.166015625
2 0.9296875 0.447265625 0.134375 0.140625
2 0.94921875 0.484375 0.0921875 0.12109375
2 0.49375 0.5185546875 0.1375 0.126953125
2 0.7234375 0.4580078125 0.0375 0.052734375
2 0.6421875 0.447265625 0.025 0.02734375
2 0.36796875 0.47265625 0.0578125 0.03125
0 0.1234375 0.484375 0.021875 0.03515625
0 0.60078125 0.45703125 0.0203125 0.0546875
0 0.546875 0.45703125 0.01875 0.04296875
0 0.57734375 0.455078125 0.0203125 0.0546875
