0 0.73046875 0.45703125 0.0203125 0.07421875
0 0.753125 0.4638671875 0.021875 0.064453125
0 0.6921875 0.4658203125 0.021875 0.064453125
0 0.50390625 0.4775390625 0.0234375 0.076171875
0 0.4828125 0.4765625 0.028125 0.078125
0 0.46015625 0.47265625 0.0234375 0.0859375
0 0.18984375 0.4638671875 0.0296875 0.056640625
0 0.23046875 0.4453125 0.0265625 0.02734375
2 0.8703125 0.4609375 0.078125 0.04296875
2 0.92421875 0.4599609375 0.0328125 0.052734375
2 0.540625 0.470703125 0.05625 0.0546875
2 0.38125 0.498046875 0.13125 0.08984375
2 0.23046875 0.513671875 0.1734375 0.11328125
2 0.071875 0.529296875 0.146875 0.1328125
0 0.44296875 0.45703125 0.0203125 0.046875
0 0.42578125 0.4560546875 0.0203125 0.037109375
0 0.40546875 0.4462890625 0.0203125 0.021484375
