1 0.78125 0.560546875 0.065625 0.09375
0 0.0109375 0.484375 0.025 0.14453125
0 0.16328125 0.478515625 0.0234375 0.08203125
0 0.1828125 0.4755859375 0.021875 0.087890625
2 0.5859375 0.4775390625 0.040625 0.044921875
2 0.38671875 0.474609375 0.0515625 0.0625
0 0.484375 0.4716796875 0.015625 0.041015625
0 0.4625 0.470703125 0.015625 0.0390625
2 0.41796875 0.478515625 0.0234375 0.0390625
2 0.43125 0.4755859375 0.01875 0.033203125
2 0.4390625 0.4736328125 0.01875 0.033203125
0 0.51015625 0.46875 0.0109375 0.02734375
1 0.90625 0.6240234375 0.040625 0.068359375
2 0.96875 0.5048828125 0.05625 0.095703125
0 0.221875 0.4736328125 0.028125 0.060546875
