2 0.05703125 0.6103515625 0.1171875 0.294921875
2 0.159375 0.546875 0.140625 0.1640625
2 0.25234375 0.501953125 0.1109375 0.12109375
2 0.321875 0.498046875 0.046875 0.0859375
2 0.409375 0.45703125 0.05625 0.04296875
2 0.578125 0.4609375 0.05 0.0546875
2 0.7046875 0.5634765625 0.15625 0.146484375
2 0.85703125 0.6328125 0.2765625 0.26953125
2 0.92890625 0.802734375 0.1359375 0.2890625
2 0.4515625 0.443359375 0.040625 0.03515625
2 0.703125 0.443359375 0.046875 0.05859375
2 0.784375 0.44140625 0.128125 0.07421875
2 0.93671875 0.4560546875 0.1078125 0.041015625
2 0.34765625 0.4873046875 0.0328125 0.064453125
