0 0.25859375 0.4189453125 0.0265625 0.083984375
0 0.23125 0.419921875 0.021875 0.0703125
2 0.184375 0.4306640625 0.071875 0.068359375
2 0.33046875 0.43359375 0.0609375 0.0625
0 0.36328125 0.4921875 0.0515625 0.1875
0 0.39453125 0.490234375 0.0609375 0.1640625
0 0.453125 0.5068359375 0.059375 0.185546875
0 0.47890625 0.43359375 0.0328125 0.08203125
0 0.49921875 0.5166015625 0.0515625 0.177734375
0 0.56328125 0.5107421875 0.0734375 0.201171875
0 0.6078125 0.5078125 0.059375 0.19140625
0 0.665625 0.5087890625 0.04375 0.193359375
0 0.69296875 0.5263671875 0.0484375 0.208984375
0 0.71640625 0.5048828125 0.0421875 0.181640625
0 0.78125 0.5087890625 0.08125 0.220703125
0 0.8296875 0.5146484375 0.0625 0.197265625
2 0.278125 0.419921875 0.028125 0.0390625
2 0.865625 0.42578125 0.065625 0.03125
2 0.91328125 0.4365234375 0.0953125 0.025390625
