2 0.13984375 0.5302734375 0.1828125 0.130859375
2 0.28828125 0.498046875 0.0984375 0.078125
2 0.3734375 0.4755859375 0.08125 0.076171875
2 0.66875 0.5205078125 0.103125 0.115234375
2 0.609375 0.498046875 0.065625 0.078125
2 0.8984375 0.720703125 0.1875 0.39453125
0 0.4640625 0.4677734375 0.01875 0.033203125
0 0.4734375 0.46875 0.01875 0.03515625
2 0.5890625 0.4765625 0.053125 0.05859375
2 0.66171875 0.4560546875 0.0515625 0.029296875
2 0.7625 0.4833984375 0.065625 0.060546875
2 0.8015625 0.478515625 0.04375 0.04296875
0 0.5421875 0.4658203125 0.0125 0.037109375
