2 0.96796875 0.6240234375 0.0546875 0.275390625
2 0.83046875 0.5556640625 0.2203125 0.271484375
2 0.8421875 0.47265625 0.309375 0.20703125
2 0.6609375 0.51953125 0.05 0.1328125
2 0.6546875 0.482421875 0.20625 0.1328125
0 0.52578125 0.48828125 0.0359375 0.171875
0 0.49765625 0.4921875 0.0203125 0.109375
2 0.47890625 0.470703125 0.0234375 0.078125
2 0.38203125 0.4912109375 0.1828125 0.236328125
2 0.2328125 0.466796875 0.1375 0.09375
2 0.07265625 0.546875 0.1484375 0.24609375
2 0.24765625 0.482421875 0.0671875 0.07421875
2 0.24453125 0.494140625 0.0328125 0.0546875
2 0.20859375 0.4951171875 0.0828125 0.099609375
2 0.1703125 0.5029296875 0.06875 0.103515625
2 0.14453125 0.5087890625 0.1015625 0.130859375
