2 0.03359375 0.5048828125 0.0703125 0.123046875
2 0.16171875 0.48046875 0.0796875 0.08984375
2 0.22109375 0.498046875 0.1328125 0.109375
2 0.3140625 0.478515625 0.06875 0.0703125
2 0.5609375 0.478515625 0.06875 0.078125
0 0.87421875 0.5107421875 0.0921875 0.216796875
0 0.51640625 0.5068359375 0.0953125 0.216796875
1 0.81953125 0.5927734375 0.0828125 0.103515625
1 0.9328125 0.5869140625 0.075 0.130859375
1 0.5828125 0.5927734375 0.06875 0.119140625
1 0.4765625 0.5908203125 0.078125 0.099609375
2 0.353125 0.474609375 0.034375 0.046875
