2 0.59921875 0.478515625 0.0859375 0.07421875
2 0.55078125 0.458984375 0.0546875 0.0703125
2 0.525 0.4306640625 0.028125 0.033203125
2 0.490625 0.4072265625 0.040625 0.037109375
2 0.4796875 0.3779296875 0.03125 0.025390625
2 0.45625 0.3779296875 0.01875 0.025390625
0 0.496875 0.490234375 0.05625 0.1484375
2 0.37734375 0.380859375 0.0265625 0.03125
2 0.3578125 0.396484375 0.01875 0.03125
2 0.3484375 0.408203125 0.01875 0.03515625
2 0.33359375 0.4169921875 0.0234375 0.041015625
2 0.32109375 0.4287109375 0.0265625 0.041015625
2 0.29609375 0.439453125 0.0546875 0.046875
2 0.21484375 0.470703125 0.0890625 0.08203125
2 0.08515625 0.4384765625 0.0765625 0.064453125
2 0.02890625 0.44140625 0.0296875 0.0625
