2 0.15703125 0.4462890625 0.1078125 0.076171875
2 0.26171875 0.4765625 0.1359375 0.09765625
2 0.3375 0.46484375 0.05 0.07421875
2 0.36953125 0.4638671875 0.0515625 0.072265625
2 0.41171875 0.4541015625 0.0421875 0.052734375
2 0.67890625 0.490234375 0.0796875 0.1171875
2 0.77109375 0.5205078125 0.2046875 0.197265625
2 0.53046875 0.5341796875 0.1984375 0.197265625
2 0.6828125 0.5107421875 0.05625 0.115234375
2 0.63515625 0.474609375 0.0453125 0.0625
2 0.6265625 0.458984375 0.05 0.06640625
2 0.43046875 0.451171875 0.0296875 0.05859375
2 0.4484375 0.453125 0.025 0.05078125
2 0.46171875 0.435546875 0.0359375 0.02734375
2 0.059375 0.431640625 0.10625 0.0859375
2 0.0703125 0.5048828125 0.13125 0.181640625
