2 0.96875 0.7861328125 0.05625 0.193359375
2 0.84921875 0.642578125 0.2890625 0.22265625
2 0.68828125 0.533203125 0.1453125 0.1015625
2 0.25859375 0.5166015625 0.0921875 0.115234375
2 0.2046875 0.544921875 0.1125 0.140625
2 0.1125 0.591796875 0.2 0.19921875
2 0.025 0.6494140625 0.053125 0.197265625
1 0.4203125 0.5771484375 0.01875 0.095703125
0 0.57890625 0.5205078125 0.0671875 0.158203125
0 0.43125 0.5185546875 0.053125 0.158203125
0 0.359375 0.462890625 0.028125 0.046875
0 0.30078125 0.45703125 0.0203125 0.0546875
2 0.86640625 0.4775390625 0.0703125 0.064453125
2 0.94375 0.482421875 0.10625 0.07421875
2 0.5421875 0.4580078125 0.046875 0.060546875
2 0.46640625 0.45703125 0.0265625 0.03125
0 0.284375 0.458984375 0.01875 0.0625
