0 0.23046875 0.5478515625 0.0546875 0.193359375
0 0.271875 0.5419921875 0.028125 0.150390625
0 0.3125 0.5302734375 0.05 0.158203125
2 0.075 0.6943359375 0.15 0.244140625
2 0.0890625 0.5771484375 0.178125 0.185546875
2 0.18671875 0.5576171875 0.0703125 0.142578125
2 0.340625 0.48046875 0.065625 0.06640625
2 0.3890625 0.4619140625 0.0375 0.041015625
2 0.54921875 0.4560546875 0.0421875 0.041015625
2 0.58125 0.4697265625 0.05625 0.068359375
2 0.60703125 0.494140625 0.0796875 0.07421875
0 0.73828125 0.48046875 0.0296875 0.05078125
0 0.68046875 0.466796875 0.0265625 0.046875
0 0.65703125 0.470703125 0.0203125 0.0625
2 0.69765625 0.546875 0.1390625 0.12109375
2 0.884375 0.697265625 0.225 0.3046875
2 0.93828125 0.498046875 0.1171875 0.109375
2 0.89765625 0.4873046875 0.0546875 0.068359375
2 0.2359375 0.46484375 0.109375 0.046875
2 0.3734375 0.4775390625 0.040625 0.052734375
2 0.421875 0.4501953125 0.021875 0.029296875
2 0.43671875 0.4404296875 0.0234375 0.025390625
