1 0.62734375 0.53515625 0.0265625 0.07421875
1 0.578125 0.53125 0.021875 0.08203125
0 0.5765625 0.48828125 0.0375 0.14453125
0 0.62265625 0.498046875 0.0421875 0.13671875
2 0.73125 0.5126953125 0.15625 0.169921875
2 0.86171875 0.5693359375 0.2609375 0.201171875
2 0.39921875 0.4716796875 0.0546875 0.068359375
2 0.3578125 0.4853515625 0.075 0.064453125
2 0.2375 0.4990234375 0.146875 0.134765625
2 0.08515625 0.5498046875 0.1703125 0.212890625
2 0.434375 0.46875 0.0375 0.04296875
2 0.44765625 0.45703125 0.0359375 0.04296875
2 0.4921875 0.455078125 0.025 0.0234375
1 0.94375 0.71484375 0.10625 0.17578125
2 0.66171875 0.4921875 0.0421875 0.078125
