2 0.91875 0.6220703125 0.15625 0.337890625
2 0.81484375 0.541015625 0.3203125 0.25390625
2 0.47109375 0.5029296875 0.1203125 0.119140625
2 0.36484375 0.4775390625 0.0296875 0.029296875
2 0.2734375 0.4853515625 0.0375 0.056640625
2 0.23671875 0.4951171875 0.0484375 0.068359375
0 0.13671875 0.50390625 0.0421875 0.125
0 0.09609375 0.478515625 0.0328125 0.08203125
2 0.05078125 0.5048828125 0.0734375 0.134765625
0 0.32265625 0.4765625 0.0171875 0.03515625
2 0.40546875 0.46875 0.0203125 0.02734375
0 0.51953125 0.4658203125 0.0109375 0.025390625
