2 0.040625 0.59765625 0.084375 0.09765625
2 0.38359375 0.6181640625 0.5328125 0.208984375
0 0.5484375 0.513671875 0.0375 0.12109375
0 0.75859375 0.5078125 0.0609375 0.1015625
0 0.81796875 0.505859375 0.0328125 0.1171875
0 0.85 0.509765625 0.046875 0.1015625
2 0.48984375 0.5068359375 0.0453125 0.044921875
0 0.1984375 0.46484375 0.01875 0.03515625
0 0.215625 0.4638671875 0.01875 0.037109375
0 0.2234375 0.4609375 0.0125 0.02734375
0 0.2328125 0.466796875 0.015625 0.02734375
0 0.25078125 0.466796875 0.0203125 0.0234375
