0 0.12578125 0.490234375 0.0265625 0.0859375
0 0.15078125 0.4892578125 0.0234375 0.087890625
0 0.1796875 0.4873046875 0.028125 0.087890625
0 0.3546875 0.458984375 0.01875 0.046875
0 0.3453125 0.45703125 0.01875 0.046875
2 0.92421875 0.6748046875 0.1421875 0.255859375
2 0.82421875 0.5654296875 0.2171875 0.197265625
2 0.96171875 0.501953125 0.0703125 0.0703125
2 0.59921875 0.4736328125 0.0484375 0.044921875
2 0.4125 0.4482421875 0.05 0.037109375
2 0.5046875 0.451171875 0.028125 0.0234375
0 0.63203125 0.4716796875 0.0203125 0.056640625
0 0.4046875 0.45703125 0.021875 0.046875
2 0.95859375 0.474609375 0.0578125 0.0546875
2 0.57578125 0.4677734375 0.0296875 0.033203125
