0 0.0703125 0.4384765625 0.028125 0.083984375
0 0.10625 0.439453125 0.028125 0.08203125
0 0.7734375 0.4462890625 0.034375 0.083984375
0 0.8109375 0.419921875 0.03125 0.05859375
0 0.815625 0.44921875 0.03125 0.08203125
0 0.85234375 0.4482421875 0.0328125 0.091796875
2 0.1703125 0.435546875 0.075 0.0859375
2 0.28671875 0.4208984375 0.0453125 0.044921875
2 0.4375 0.447265625 0.065625 0.0546875
2 0.21875 0.47265625 0.109375 0.10546875
2 0.5796875 0.46484375 0.065625 0.08203125
0 0.6515625 0.4111328125 0.025 0.037109375
0 0.60078125 0.4111328125 0.0203125 0.041015625
2 0.2234375 0.408203125 0.0375 0.03125
2 0.4109375 0.42578125 0.0375 0.046875
2 0.38828125 0.4248046875 0.0265625 0.029296875
2 0.653125 0.4453125 0.078125 0.0390625
