2 0.72265625 0.490234375 0.0734375 0.05078125
2 0.6703125 0.4765625 0.034375 0.03125
0 0.34609375 0.4892578125 0.0203125 0.091796875
0 0.32734375 0.4951171875 0.0203125 0.083984375
0 0.14453125 0.5439453125 0.1296875 0.416015625
0 0.30703125 0.4521484375 0.0234375 0.041015625
0 0.246875 0.451171875 0.01875 0.03515625
0 0.22265625 0.4501953125 0.0203125 0.033203125
0 0.05390625 0.599609375 0.1109375 0.48046875
2 0.38828125 0.458984375 0.0359375 0.0390625
2 0.58046875 0.5166015625 0.4046875 0.173828125
0 0.075 0.642578125 0.153125 0.6328125
2 0.21015625 0.4833984375 0.0796875 0.091796875
0 0.22109375 0.4482421875 0.0203125 0.037109375
0 0.3953125 0.46875 0.028125 0.0390625
