0 0.625 0.4619140625 0.021875 0.091796875
0 0.60390625 0.4609375 0.0265625 0.09375
0 0.69375 0.4658203125 0.028125 0.126953125
0 0.1859375 0.486328125 0.021875 0.0859375
0 0.16875 0.490234375 0.021875 0.06640625
2 0.83046875 0.470703125 0.0265625 0.0703125
2 0.80703125 0.45703125 0.0578125 0.07421875
2 0.9234375 0.4462890625 0.14375 0.138671875
2 0.95 0.4873046875 0.09375 0.126953125
0 0.475 0.455078125 0.0125 0.03515625
0 0.4625 0.455078125 0.01875 0.04296875
0 0.45 0.462890625 0.021875 0.0625
0 0.4046875 0.4580078125 0.01875 0.029296875
0 0.12421875 0.486328125 0.0203125 0.03125
2 0.7296875 0.4599609375 0.0375 0.052734375
