2 0.834375 0.6640625 0.325 0.62109375
2 0.5984375 0.5 0.071875 0.08984375
0 0.39765625 0.4775390625 0.0234375 0.060546875
0 0.37421875 0.4755859375 0.0203125 0.056640625
2 0.3171875 0.484375 0.05625 0.07421875
2 0.27265625 0.498046875 0.0859375 0.08203125
2 0.1515625 0.5048828125 0.171875 0.150390625
2 0.0328125 0.623046875 0.06875 0.23046875
2 0.48515625 0.4677734375 0.0328125 0.029296875
2 0.696875 0.5693359375 0.1625 0.271484375
2 0.34375 0.484375 0.028125 0.0546875
0 0.5203125 0.484375 0.03125 0.125
0 0.553125 0.5146484375 0.065625 0.177734375
