2 0.5765625 0.4775390625 0.065625 0.072265625
2 0.54453125 0.466796875 0.0296875 0.05859375
2 0.26171875 0.462890625 0.1109375 0.05859375
0 0.7765625 0.462890625 0.028125 0.08203125
0 0.71875 0.4619140625 0.021875 0.083984375
0 0.09296875 0.4765625 0.0515625 0.125
0 0.984375 0.4453125 0.025 0.03515625
0 0.85625 0.4384765625 0.025 0.033203125
0 0.16484375 0.4453125 0.0171875 0.05078125
0 0.0609375 0.4306640625 0.021875 0.041015625
0 0.03828125 0.4375 0.0234375 0.03125
2 0.51484375 0.4501953125 0.0234375 0.029296875
