2 0.25546875 0.513671875 0.0859375 0.09375
2 0.36015625 0.486328125 0.0703125 0.0625
2 0.41015625 0.462890625 0.0453125 0.046875
2 0.48046875 0.453125 0.0484375 0.03515625
2 0.66484375 0.51171875 0.1046875 0.140625
2 0.775 0.564453125 0.075 0.15625
2 0.68359375 0.552734375 0.0515625 0.140625
0 0.72578125 0.5947265625 0.0796875 0.275390625
0 0.30078125 0.6201171875 0.0984375 0.263671875
1 0.296875 0.7158203125 0.04375 0.150390625
2 0.225 0.4970703125 0.11875 0.072265625
2 0.4328125 0.4580078125 0.028125 0.041015625
2 0.4375 0.455078125 0.0375 0.046875
2 0.57421875 0.4619140625 0.0234375 0.044921875
2 0.6015625 0.478515625 0.0625 0.06640625
2 0.81015625 0.49609375 0.1234375 0.08203125
2 0.95859375 0.494140625 0.0765625 0.0859375
2 0.9359375 0.46484375 0.115625 0.0703125
2 0.7875 0.4384765625 0.046875 0.029296875
