0 0.06484375 0.4921875 0.0203125 0.0546875
0 0.0875 0.49609375 0.028125 0.06640625
0 0.7328125 0.5634765625 0.05625 0.177734375
0 0.8109375 0.4951171875 0.025 0.072265625
0 0.84453125 0.4951171875 0.0328125 0.056640625
0 0.91796875 0.4990234375 0.0234375 0.060546875
0 0.25625 0.5009765625 0.01875 0.064453125
2 0.38984375 0.5 0.0546875 0.046875
2 0.5421875 0.65234375 0.33125 0.33984375
0 0.6640625 0.4892578125 0.015625 0.037109375
0 0.6328125 0.484375 0.0125 0.02734375
0 0.325 0.4814453125 0.01875 0.025390625
0 0.490625 0.490234375 0.109375 0.0625
0 0.2625 0.5 0.01875 0.06640625
0 0.94296875 0.4970703125 0.0234375 0.041015625
1 0.73203125 0.6201171875 0.0328125 0.111328125
