1 0.22109375 0.6943359375 0.0796875 0.154296875
0 0.865625 0.6689453125 0.1 0.384765625
0 0.225 0.580078125 0.096875 0.20703125
2 0.07734375 0.6328125 0.1578125 0.23046875
2 0.10625 0.5556640625 0.2 0.158203125
2 0.30234375 0.51171875 0.1203125 0.1015625
2 0.353125 0.4912109375 0.065625 0.064453125
2 0.39453125 0.4716796875 0.0578125 0.064453125
2 0.47578125 0.4541015625 0.0484375 0.041015625
2 0.7046875 0.513671875 0.1375 0.15234375
2 0.940625 0.6787109375 0.10625 0.412109375
0 0.53828125 0.453125 0.0203125 0.0390625
2 0.5921875 0.4453125 0.03125 0.03515625
2 0.6203125 0.48046875 0.03125 0.05859375
2 0.64375 0.484375 0.0375 0.05859375
2 0.96015625 0.455078125 0.0703125 0.05078125
2 0.4171875 0.4638671875 0.0375 0.060546875
2 0.43671875 0.4609375 0.0234375 0.046875
2 0.5171875 0.431640625 0.021875 0.03125
