2 0.0984375 0.59765625 0.2 0.19921875
2 0.315625 0.498046875 0.090625 0.0703125
2 0.4609375 0.4521484375 0.034375 0.037109375
2 0.37421875 0.4755859375 0.0453125 0.044921875
2 0.784375 0.61328125 0.21875 0.21484375
2 0.88359375 0.7421875 0.2203125 0.40625
2 0.6546875 0.515625 0.0625 0.1015625
0 0.4 0.6103515625 0.0875 0.283203125
1 0.40703125 0.6943359375 0.0203125 0.158203125
0 0.6171875 0.583984375 0.078125 0.265625
2 0.834375 0.462890625 0.1125 0.078125
2 0.878125 0.4716796875 0.11875 0.060546875
2 0.69375 0.4638671875 0.075 0.041015625
2 0.2671875 0.486328125 0.09375 0.0625
2 0.0609375 0.4814453125 0.075 0.083984375
2 0.59296875 0.48828125 0.0609375 0.07421875
2 0.56484375 0.466796875 0.0453125 0.0546875
2 0.40703125 0.46484375 0.0296875 0.05078125
2 0.425 0.4580078125 0.01875 0.041015625
