2 0.9375 0.5615234375 0.1125 0.251953125
2 0.89375 0.5078125 0.203125 0.2265625
0 0.7828125 0.529296875 0.078125 0.3203125
0 0.70859375 0.529296875 0.0921875 0.32421875
0 0.43671875 0.474609375 0.0234375 0.0859375
0 0.4046875 0.474609375 0.025 0.08984375
0 0.36640625 0.4716796875 0.0328125 0.087890625
2 0.6359375 0.498046875 0.071875 0.11328125
2 0.615625 0.482421875 0.125 0.12109375
2 0.521875 0.482421875 0.084375 0.08203125
2 0.125 0.421875 0.046875 0.0546875
2 0.1125 0.494140625 0.121875 0.11328125
2 0.04921875 0.4970703125 0.1015625 0.138671875
2 0.0296875 0.5439453125 0.05625 0.166015625
0 0.33359375 0.4697265625 0.0234375 0.056640625
2 0.2578125 0.4619140625 0.05 0.041015625
2 0.16328125 0.482421875 0.0609375 0.05078125
2 0.50234375 0.46875 0.0921875 0.08203125
