2 0.38828125 0.5 0.0515625 0.046875
2 0.5421875 0.6357421875 0.3125 0.322265625
0 0.0875 0.49609375 0.025 0.0546875
0 0.78984375 0.5947265625 0.0765625 0.224609375
0 0.80546875 0.48046875 0.0265625 0.05078125
0 0.840625 0.4912109375 0.028125 0.052734375
0 0.93203125 0.4931640625 0.0234375 0.033203125
0 0.2578125 0.498046875 0.015625 0.05859375
0 0.265625 0.49609375 0.015625 0.05859375
0 0.32421875 0.48046875 0.0140625 0.02734375
2 0.48203125 0.5 0.1140625 0.08984375
1 0.784375 0.6591796875 0.0625 0.134765625
