1 0.82578125 0.7265625 0.0421875 0.1640625
0 0.8171875 0.6396484375 0.09375 0.287109375
0 0.6515625 0.505859375 0.03125 0.08984375
0 0.496875 0.462890625 0.021875 0.0546875
2 0.03671875 0.62109375 0.0734375 0.19140625
2 0.1015625 0.580078125 0.16875 0.1640625
2 0.3015625 0.48046875 0.053125 0.05078125
2 0.465625 0.4609375 0.04375 0.04296875
2 0.60546875 0.478515625 0.0234375 0.05078125
2 0.91875 0.5400390625 0.153125 0.150390625
2 0.73125 0.5048828125 0.13125 0.087890625
0 0.26484375 0.4814453125 0.0203125 0.060546875
2 0.353125 0.4560546875 0.021875 0.025390625
2 0.44453125 0.4580078125 0.0265625 0.033203125
2 0.5921875 0.4677734375 0.04375 0.044921875
