2 0.528125 0.48828125 0.103125 0.11328125
2 0.4234375 0.4716796875 0.021875 0.025390625
0 0.32265625 0.47265625 0.0109375 0.02734375
0 0.30703125 0.4716796875 0.0109375 0.025390625
0 0.2953125 0.46875 0.009375 0.02734375
0 0.28515625 0.470703125 0.0109375 0.03515625
0 0.275 0.4697265625 0.0125 0.037109375
0 0.2625 0.470703125 0.009375 0.03515625
0 0.2546875 0.46875 0.009375 0.03515625
0 0.234375 0.470703125 0.009375 0.03125
0 0.2234375 0.470703125 0.009375 0.0390625
0 0.20625 0.47265625 0.0125 0.04296875
0 0.19140625 0.4736328125 0.0109375 0.041015625
0 0.175 0.4716796875 0.0125 0.048828125
0 0.14609375 0.478515625 0.0203125 0.05078125
0 0.12734375 0.48046875 0.0140625 0.046875
0 0.11328125 0.4814453125 0.0140625 0.048828125
0 0.071875 0.474609375 0.01875 0.0625
0 0.0484375 0.478515625 0.021875 0.07421875
0 0.00625 0.4833984375 0.015625 0.072265625
