2 0.8078125 0.4619140625 0.0625 0.076171875
2 0.83125 0.466796875 0.021875 0.06640625
2 0.92421875 0.4453125 0.1453125 0.13671875
2 0.9484375 0.4853515625 0.09375 0.123046875
0 0.44296875 0.4775390625 0.0296875 0.076171875
0 0.46328125 0.47265625 0.0296875 0.08984375
0 0.61640625 0.4619140625 0.0234375 0.083984375
2 0.6453125 0.447265625 0.025 0.03515625
0 0.59375 0.4619140625 0.021875 0.068359375
0 0.67421875 0.4267578125 0.0234375 0.025390625
0 0.37734375 0.4609375 0.0140625 0.03125
0 0.1671875 0.48046875 0.01875 0.0390625
0 0.1265625 0.4892578125 0.01875 0.037109375
2 0.725 0.4453125 0.040625 0.0390625
