2 0.9390625 0.56640625 0.115625 0.2265625
2 0.89296875 0.5029296875 0.2078125 0.240234375
0 0.78984375 0.5390625 0.0546875 0.234375
2 0.709375 0.513671875 0.134375 0.15234375
2 0.684375 0.4853515625 0.13125 0.107421875
2 0.58671875 0.48828125 0.0828125 0.0625
2 0.45703125 0.484375 0.1171875 0.1484375
0 0.33125 0.486328125 0.046875 0.15625
1 0.32890625 0.5703125 0.0484375 0.09765625
2 0.28984375 0.482421875 0.0359375 0.078125
2 0.1984375 0.4912109375 0.146875 0.138671875
2 0.0765625 0.4990234375 0.153125 0.201171875
2 0.0671875 0.5556640625 0.1375 0.208984375
2 0.1625 0.5107421875 0.075 0.150390625
