2 0.05859375 0.6025390625 0.1203125 0.185546875
2 0.13828125 0.541015625 0.1484375 0.15234375
2 0.228125 0.5185546875 0.06875 0.091796875
2 0.27109375 0.501953125 0.0703125 0.08203125
2 0.29453125 0.4833984375 0.0609375 0.076171875
2 0.359375 0.5087890625 0.0875 0.091796875
2 0.40234375 0.466796875 0.0546875 0.06640625
2 0.87421875 0.787109375 0.2359375 0.41015625
2 0.7828125 0.6162109375 0.240625 0.212890625
2 0.67109375 0.564453125 0.1453125 0.15234375
2 0.43359375 0.4580078125 0.0296875 0.056640625
2 0.4796875 0.439453125 0.03125 0.0390625
0 0.49609375 0.458984375 0.0203125 0.05078125
2 0.6171875 0.505859375 0.1125 0.125
2 0.56640625 0.4921875 0.0328125 0.06640625
2 0.55703125 0.482421875 0.0484375 0.0625
0 0.97109375 0.427734375 0.0140625 0.04296875
0 0.95703125 0.4208984375 0.0140625 0.037109375
2 0.6609375 0.435546875 0.059375 0.02734375
