2 0.8375 0.6123046875 0.31875 0.365234375
0 0.51171875 0.498046875 0.0359375 0.08203125
2 0.4171875 0.4287109375 0.01875 0.025390625
2 0.44375 0.4443359375 0.025 0.029296875
2 0.4421875 0.47265625 0.021875 0.0234375
2 0.46484375 0.4794921875 0.0421875 0.044921875
2 0.38984375 0.421875 0.0203125 0.0234375
2 0.36640625 0.443359375 0.0203125 0.02734375
2 0.35625 0.44921875 0.025 0.02734375
2 0.3890625 0.4462890625 0.021875 0.025390625
2 0.3296875 0.494140625 0.0625 0.05859375
0 0.08203125 0.484375 0.0390625 0.125
0 0.04140625 0.4921875 0.0234375 0.1015625
0 0.01796875 0.4658203125 0.0234375 0.076171875
2 0.015625 0.5654296875 0.034375 0.123046875
