2 0.95390625 0.486328125 0.0859375 0.14453125
0 0.7390625 0.4599609375 0.034375 0.130859375
2 0.44765625 0.4609375 0.0296875 0.03125
2 0.43671875 0.451171875 0.0109375 0.01953125
2 0.40703125 0.439453125 0.0109375 0.01953125
2 0.3859375 0.4560546875 0.021875 0.025390625
2 0.365625 0.4609375 0.015625 0.01953125
2 0.35625 0.4609375 0.0125 0.01953125
2 0.3453125 0.462890625 0.015625 0.01953125
2 0.32578125 0.46875 0.0203125 0.0234375
2 0.30703125 0.4658203125 0.0203125 0.025390625
2 0.2875 0.4541015625 0.021875 0.033203125
0 0.2625 0.572265625 0.090625 0.359375
2 0.1890625 0.4873046875 0.053125 0.091796875
0 0.075 0.498046875 0.05 0.12890625
