0 0.95859375 0.578125 0.0765625 0.26953125
2 0.7859375 0.498046875 0.059375 0.08984375
2 0.6390625 0.5078125 0.08125 0.109375
2 0.7109375 0.548828125 0.190625 0.18359375
2 0.5109375 0.4658203125 0.046875 0.041015625
2 0.41484375 0.4697265625 0.0265625 0.037109375
2 0.32890625 0.49609375 0.1515625 0.14453125
2 0.20859375 0.50390625 0.0953125 0.1171875
2 0.09140625 0.521484375 0.1765625 0.1796875
0 0.46328125 0.4599609375 0.0140625 0.037109375
2 0.45078125 0.4609375 0.0265625 0.03125
2 0.5640625 0.470703125 0.040625 0.03515625
2 0.2578125 0.4755859375 0.04375 0.044921875
