0 0.3984375 0.470703125 0.021875 0.07421875
2 0.25390625 0.5166015625 0.0984375 0.095703125
2 0.30390625 0.494140625 0.0546875 0.06640625
2 0.37265625 0.466796875 0.0359375 0.0546875
2 0.44609375 0.462890625 0.0484375 0.05078125
0 0.7578125 0.4853515625 0.025 0.103515625
3 0.78828125 0.5322265625 0.0265625 0.029296875
2 0.86640625 0.720703125 0.2609375 0.33984375
2 0.9765625 0.5009765625 0.040625 0.107421875
2 0.4640625 0.4375 0.025 0.02734375
2 0.48828125 0.4375 0.0234375 0.03125
0 0.50078125 0.447265625 0.0203125 0.046875
2 0.53125 0.462890625 0.028125 0.05859375
2 0.5390625 0.4697265625 0.021875 0.052734375
2 0.55546875 0.470703125 0.0359375 0.0546875
2 0.5640625 0.4775390625 0.03125 0.068359375
2 0.6078125 0.4912109375 0.10625 0.103515625
2 0.3296875 0.4833984375 0.046875 0.056640625
