2 0.2625 0.544921875 0.1625 0.14453125
2 0.409375 0.4912109375 0.040625 0.037109375
2 0.4984375 0.5419921875 0.11875 0.119140625
0 0.7671875 0.509765625 0.021875 0.06640625
0 0.728125 0.505859375 0.021875 0.0703125
0 0.70078125 0.5048828125 0.0203125 0.060546875
0 0.67890625 0.505859375 0.0203125 0.05859375
0 0.65703125 0.5048828125 0.0234375 0.064453125
0 0.5875 0.5029296875 0.03125 0.076171875
0 0.18203125 0.5 0.0265625 0.0703125
0 0.15703125 0.490234375 0.0203125 0.07421875
0 0.14296875 0.4931640625 0.0234375 0.072265625
