0 0.5515625 0.4912109375 0.025 0.099609375
0 0.5796875 0.4765625 0.028125 0.09375
0 0.6140625 0.5068359375 0.0625 0.150390625
2 0.0359375 0.5634765625 0.075 0.169921875
2 0.24140625 0.509765625 0.1296875 0.109375
2 0.23984375 0.4521484375 0.0765625 0.056640625
2 0.32265625 0.4912109375 0.0703125 0.076171875
2 0.38828125 0.4736328125 0.0546875 0.052734375
2 0.67421875 0.51953125 0.0984375 0.09765625
2 0.77734375 0.5556640625 0.1609375 0.224609375
2 0.87578125 0.63671875 0.2359375 0.3984375
2 0.4671875 0.4560546875 0.025 0.033203125
2 0.4296875 0.4609375 0.03125 0.04296875
