2 0.71796875 0.4814453125 0.1015625 0.068359375
2 0.5625 0.4931640625 0.06875 0.083984375
2 0.4375 0.5048828125 0.221875 0.150390625
2 0.17421875 0.5244140625 0.2484375 0.138671875
1 0.0609375 0.6171875 0.121875 0.16796875
0 0.7984375 0.482421875 0.021875 0.08203125
0 0.63515625 0.4775390625 0.0234375 0.095703125
0 0.309375 0.4775390625 0.03125 0.099609375
0 0.60703125 0.466796875 0.0265625 0.0703125
0 0.27421875 0.4599609375 0.0203125 0.052734375
0 0.6828125 0.462890625 0.01875 0.04296875
0 0.08671875 0.4501953125 0.0265625 0.060546875
0 0.1328125 0.4501953125 0.021875 0.037109375
0 0.20703125 0.4443359375 0.0234375 0.029296875
0 0.3734375 0.451171875 0.01875 0.0390625
