1 0.715625 0.4853515625 0.053125 0.068359375
1 0.665625 0.4873046875 0.05 0.064453125
1 0.62578125 0.478515625 0.0296875 0.0390625
0 0.696875 0.4091796875 0.021875 0.056640625
2 0.46953125 0.42578125 0.0296875 0.03125
2 0.4140625 0.435546875 0.040625 0.04296875
2 0.32734375 0.455078125 0.0953125 0.10546875
2 0.22265625 0.4443359375 0.0328125 0.041015625
2 0.1953125 0.44921875 0.034375 0.0390625
2 0.16171875 0.451171875 0.0328125 0.046875
2 0.12265625 0.455078125 0.0671875 0.05859375
2 0.075 0.51953125 0.153125 0.30078125
