2 0.3 0.4638671875 0.090625 0.083984375
2 0.35859375 0.46484375 0.0265625 0.046875
2 0.42890625 0.4638671875 0.0796875 0.064453125
0 0.725 0.484375 0.053125 0.12890625
2 0.4765625 0.4462890625 0.028125 0.025390625
2 0.5 0.4443359375 0.01875 0.021484375
2 0.51640625 0.4462890625 0.0234375 0.025390625
2 0.53046875 0.4423828125 0.0203125 0.017578125
0 0.6125 0.447265625 0.015625 0.0390625
0 0.6328125 0.455078125 0.015625 0.05859375
0 0.64375 0.4541015625 0.015625 0.056640625
0 0.653125 0.455078125 0.015625 0.0546875
0 0.6953125 0.4560546875 0.025 0.037109375
1 0.72734375 0.5244140625 0.0765625 0.068359375
