0 0.62734375 0.4599609375 0.0296875 0.072265625
0 0.58515625 0.462890625 0.0203125 0.06640625
0 0.6015625 0.4638671875 0.021875 0.083984375
0 0.68125 0.501953125 0.071875 0.22265625
0 0.71796875 0.47265625 0.0296875 0.13671875
0 0.75625 0.4970703125 0.065625 0.224609375
2 0.85 0.443359375 0.10625 0.12109375
2 0.940625 0.4033203125 0.034375 0.052734375
2 0.86953125 0.4853515625 0.0765625 0.095703125
2 0.9625 0.4638671875 0.06875 0.134765625
2 0.4953125 0.4970703125 0.109375 0.107421875
2 0.38671875 0.4599609375 0.0421875 0.025390625
0 0.346875 0.458984375 0.01875 0.02734375
0 0.284375 0.46484375 0.015625 0.02734375
0 0.1359375 0.484375 0.021875 0.03125
2 0.44375 0.458984375 0.0375 0.03125
