0 0.3890625 0.4697265625 0.021875 0.056640625
0 0.375 0.4765625 0.021875 0.05078125
0 0.66171875 0.466796875 0.0296875 0.1484375
0 0.6921875 0.47265625 0.028125 0.12890625
0 0.72890625 0.4521484375 0.0453125 0.103515625
2 0.809375 0.447265625 0.059375 0.0703125
2 0.840625 0.5146484375 0.30625 0.216796875
0 0.5890625 0.4599609375 0.021875 0.060546875
0 0.625 0.4580078125 0.01875 0.064453125
0 0.6125 0.4580078125 0.01875 0.060546875
0 0.12578125 0.4833984375 0.0234375 0.033203125
0 0.11328125 0.4970703125 0.0234375 0.052734375
2 0.45703125 0.458984375 0.0390625 0.02734375
