0 0.06328125 0.4892578125 0.0265625 0.091796875
2 0.0265625 0.4951171875 0.053125 0.083984375
0 0.1015625 0.48828125 0.025 0.08984375
0 0.23046875 0.4716796875 0.0234375 0.056640625
0 0.6984375 0.474609375 0.01875 0.0546875
0 0.746875 0.466796875 0.03125 0.07421875
0 0.82265625 0.5029296875 0.0296875 0.126953125
0 0.77578125 0.5478515625 0.0734375 0.271484375
1 0.78125 0.6337890625 0.0375 0.158203125
2 0.49453125 0.4658203125 0.0453125 0.037109375
2 0.45546875 0.4794921875 0.0484375 0.052734375
2 0.41171875 0.4755859375 0.0234375 0.029296875
2 0.38046875 0.4794921875 0.0359375 0.041015625
0 0.29453125 0.45703125 0.0171875 0.02734375
0 0.246875 0.4716796875 0.021875 0.064453125
0 0.66328125 0.46875 0.0171875 0.046875
0 0.67578125 0.4716796875 0.0140625 0.048828125
