2 0.0578125 0.5869140625 0.11875 0.220703125
2 0.2375 0.509765625 0.121875 0.11328125
2 0.3046875 0.490234375 0.0375 0.0703125
2 0.3265625 0.482421875 0.05625 0.0625
2 0.81015625 0.4990234375 0.2078125 0.091796875
2 0.95859375 0.486328125 0.0703125 0.09765625
2 0.65390625 0.45703125 0.0515625 0.04296875
0 0.5046875 0.453125 0.021875 0.0390625
0 0.53515625 0.4423828125 0.0203125 0.041015625
0 0.3875 0.4541015625 0.021875 0.052734375
2 0.6671875 0.4345703125 0.0875 0.064453125
2 0.73046875 0.46875 0.0796875 0.05078125
0 0.55 0.4453125 0.0125 0.0390625
