2 0.93515625 0.7294921875 0.1234375 0.166015625
2 0.0234375 0.76171875 0.05 0.3203125
2 0.08984375 0.6279296875 0.1796875 0.349609375
2 0.24453125 0.484375 0.0546875 0.05859375
2 0.271875 0.466796875 0.040625 0.046875
2 0.490625 0.4951171875 0.05625 0.056640625
2 0.471875 0.478515625 0.05 0.0625
2 0.95546875 0.5224609375 0.0765625 0.095703125
0 0.765625 0.5234375 0.040625 0.08203125
0 0.71640625 0.509765625 0.0296875 0.09765625
3 0.69765625 0.5390625 0.0296875 0.03125
2 0.1625 0.4580078125 0.028125 0.056640625
2 0.1859375 0.4560546875 0.028125 0.044921875
2 0.43828125 0.4775390625 0.0234375 0.033203125
2 0.4328125 0.470703125 0.0375 0.03515625
2 0.41328125 0.4658203125 0.0296875 0.029296875
0 0.33515625 0.45703125 0.0234375 0.05078125
