2 0.0375 0.46875 0.071875 0.05859375
2 0.10390625 0.478515625 0.0953125 0.06640625
2 0.2046875 0.4931640625 0.10625 0.068359375
0 0.2265625 0.4423828125 0.03125 0.033203125
0 0.34140625 0.4736328125 0.0296875 0.083984375
0 0.3125 0.4609375 0.028125 0.06640625
0 0.59375 0.55859375 0.053125 0.171875
1 0.9484375 0.5400390625 0.075 0.091796875
1 0.9046875 0.537109375 0.0625 0.078125
1 0.3296875 0.51953125 0.0375 0.07421875
0 0.92578125 0.462890625 0.0234375 0.0625
1 0.2984375 0.53515625 0.021875 0.05078125
0 0.409375 0.470703125 0.025 0.08203125
