2 0.07578125 0.4814453125 0.1546875 0.150390625
2 0.15703125 0.47265625 0.1515625 0.125
2 0.21953125 0.46875 0.0921875 0.0859375
2 0.3234375 0.462890625 0.11875 0.0625
2 0.4578125 0.451171875 0.05 0.0390625
2 0.51640625 0.4541015625 0.0390625 0.037109375
2 0.6828125 0.462890625 0.05 0.07421875
2 0.721875 0.4755859375 0.078125 0.107421875
2 0.8328125 0.4755859375 0.16875 0.126953125
2 0.84765625 0.4931640625 0.1515625 0.123046875
2 0.9546875 0.470703125 0.08125 0.296875
2 0.54609375 0.4560546875 0.0234375 0.025390625
2 0.553125 0.4482421875 0.04375 0.037109375
2 0.7234375 0.4482421875 0.14375 0.103515625
