0 0.69140625 0.48046875 0.0515625 0.16015625
0 0.07578125 0.515625 0.0578125 0.19140625
0 0.0375 0.4970703125 0.046875 0.150390625
1 0.06875 0.5810546875 0.046875 0.119140625
1 0.028125 0.55859375 0.046875 0.0859375
3 0.76796875 0.5380859375 0.0484375 0.060546875
2 0.49921875 0.47265625 0.1078125 0.10546875
2 0.47265625 0.4501953125 0.0859375 0.095703125
2 0.23984375 0.4130859375 0.0515625 0.068359375
2 0.2015625 0.4306640625 0.059375 0.083984375
2 0.1703125 0.4453125 0.075 0.078125
2 0.11796875 0.462890625 0.0515625 0.0703125
2 0.41328125 0.4208984375 0.0328125 0.037109375
0 0.3109375 0.4072265625 0.01875 0.033203125
2 0.2796875 0.4130859375 0.021875 0.037109375
