2 0.96015625 0.646484375 0.0734375 0.3828125
2 0.8453125 0.5234375 0.3 0.31640625
2 0.68125 0.51953125 0.103125 0.1015625
0 0.62734375 0.474609375 0.0140625 0.03515625
2 0.54453125 0.4755859375 0.0859375 0.091796875
2 0.50625 0.4921875 0.0875 0.09375
2 0.4265625 0.48046875 0.040625 0.03125
2 0.3859375 0.478515625 0.040625 0.02734375
2 0.34375 0.4833984375 0.03125 0.029296875
2 0.27734375 0.4990234375 0.0890625 0.080078125
2 0.203125 0.513671875 0.0625 0.10546875
2 0.0875 0.521484375 0.178125 0.19921875
