0 0.94609375 0.5361328125 0.0859375 0.326171875
2 0.8546875 0.4931640625 0.103125 0.056640625
2 0.84609375 0.455078125 0.0796875 0.0234375
2 0.7765625 0.484375 0.0375 0.05078125
2 0.74765625 0.4609375 0.0359375 0.02734375
2 0.74296875 0.4912109375 0.0265625 0.037109375
2 0.70234375 0.4541015625 0.0265625 0.025390625
2 0.67109375 0.4755859375 0.0921875 0.080078125
2 0.59453125 0.4765625 0.0546875 0.0859375
2 0.50859375 0.474609375 0.0359375 0.046875
2 0.47265625 0.4755859375 0.0296875 0.044921875
2 0.4484375 0.474609375 0.025 0.0546875
2 0.415625 0.478515625 0.0375 0.05078125
2 0.38203125 0.474609375 0.0328125 0.0546875
2 0.353125 0.4755859375 0.021875 0.056640625
2 0.3234375 0.4697265625 0.03125 0.029296875
2 0.0984375 0.4609375 0.053125 0.05078125
2 0.2234375 0.5205078125 0.25 0.166015625
2 0.0515625 0.5263671875 0.10625 0.201171875
