3 0.74375 0.52734375 0.053125 0.0546875
3 0.85 0.53125 0.040625 0.04296875
0 0.90546875 0.486328125 0.0484375 0.12109375
0 0.70390625 0.48046875 0.0359375 0.12890625
0 0.33125 0.4287109375 0.03125 0.068359375
0 0.2546875 0.4384765625 0.025 0.087890625
0 0.2109375 0.4365234375 0.028125 0.076171875
0 0.19375 0.4404296875 0.028125 0.076171875
2 0.11640625 0.4609375 0.0921875 0.08203125
2 0.46171875 0.4619140625 0.0796875 0.091796875
2 0.4421875 0.4482421875 0.0625 0.083984375
2 0.16640625 0.4404296875 0.0484375 0.064453125
2 0.06953125 0.4287109375 0.0484375 0.060546875
2 0.025 0.43359375 0.053125 0.0625
