2 0.92109375 0.447265625 0.1390625 0.140625
2 0.94609375 0.4873046875 0.0859375 0.099609375
0 0.80625 0.478515625 0.059375 0.203125
0 0.6546875 0.4716796875 0.028125 0.115234375
0 0.63046875 0.4658203125 0.0328125 0.123046875
0 0.46015625 0.46484375 0.0234375 0.05859375
0 0.39296875 0.482421875 0.0296875 0.09375
0 0.16875 0.478515625 0.021875 0.04296875
0 0.12578125 0.4853515625 0.0203125 0.037109375
0 0.5515625 0.45703125 0.01875 0.046875
0 0.5734375 0.4521484375 0.021875 0.060546875
2 0.728125 0.45703125 0.034375 0.0546875
2 0.88125 0.4091796875 0.065625 0.041015625
