2 0.3984375 0.4609375 0.03125 0.04296875
2 0.3796875 0.474609375 0.034375 0.0625
2 0.325 0.4814453125 0.0875 0.095703125
2 0.59921875 0.4736328125 0.0546875 0.056640625
2 0.61640625 0.49609375 0.0734375 0.07421875
2 0.69296875 0.5400390625 0.1234375 0.107421875
2 0.7859375 0.5927734375 0.2 0.169921875
2 0.896875 0.7041015625 0.19375 0.306640625
2 0.42578125 0.443359375 0.0265625 0.03515625
0 0.4578125 0.44921875 0.01875 0.04296875
0 0.4921875 0.44921875 0.01875 0.05078125
0 0.52109375 0.4501953125 0.0203125 0.033203125
