2 0.10625 0.5537109375 0.215625 0.185546875
2 0.2640625 0.5 0.1125 0.13671875
2 0.359375 0.494140625 0.084375 0.07421875
2 0.40390625 0.478515625 0.0546875 0.06640625
2 0.48046875 0.4638671875 0.0359375 0.033203125
2 0.5921875 0.470703125 0.028125 0.03515625
2 0.6921875 0.521484375 0.078125 0.109375
2 0.74609375 0.5341796875 0.1109375 0.123046875
2 0.8328125 0.5830078125 0.265625 0.208984375
2 0.9296875 0.7099609375 0.134375 0.306640625
0 0.634375 0.498046875 0.034375 0.11328125
0 0.17578125 0.458984375 0.0296875 0.046875
0 0.7484375 0.4658203125 0.021875 0.029296875
0 0.52109375 0.45703125 0.0109375 0.02734375
2 0.54140625 0.45703125 0.0203125 0.0234375
2 0.96015625 0.4873046875 0.0734375 0.072265625
