2 0.87890625 0.5634765625 0.2359375 0.255859375
2 0.70078125 0.501953125 0.1203125 0.17578125
2 0.78125 0.4599609375 0.040625 0.087890625
2 0.6078125 0.4814453125 0.06875 0.091796875
2 0.56796875 0.4775390625 0.0359375 0.072265625
2 0.45546875 0.5009765625 0.1359375 0.134765625
2 0.384375 0.4716796875 0.021875 0.041015625
2 0.353125 0.4755859375 0.040625 0.041015625
0 0.296875 0.4677734375 0.015625 0.041015625
2 0.2453125 0.48046875 0.05625 0.06640625
2 0.17421875 0.466796875 0.0859375 0.109375
2 0.06484375 0.48046875 0.1328125 0.14453125
