2 0.15859375 0.505859375 0.1578125 0.140625
2 0.41640625 0.478515625 0.0453125 0.05078125
2 0.59609375 0.4853515625 0.0265625 0.044921875
2 0.6203125 0.4921875 0.04375 0.07421875
2 0.6640625 0.5048828125 0.09375 0.087890625
2 0.69453125 0.53515625 0.0734375 0.12109375
2 0.8453125 0.5615234375 0.303125 0.314453125
0 0.58125 0.48046875 0.01875 0.0703125
0 0.5703125 0.4736328125 0.01875 0.052734375
2 0.5359375 0.458984375 0.025 0.03125
2 0.0796875 0.5498046875 0.146875 0.220703125
2 0.34609375 0.486328125 0.0953125 0.0859375
0 0.48828125 0.4619140625 0.0140625 0.029296875
0 0.471875 0.470703125 0.0125 0.046875
0 0.459375 0.46875 0.0125 0.05078125
0 0.453125 0.47265625 0.009375 0.04296875
