0 0.66640625 0.4921875 0.0328125 0.078125
0 0.63671875 0.490234375 0.0328125 0.07421875
2 0.85859375 0.6611328125 0.2765625 0.474609375
2 0.08671875 0.4833984375 0.0703125 0.091796875
2 0.2984375 0.4677734375 0.034375 0.041015625
0 0.42890625 0.4560546875 0.0203125 0.037109375
0 0.43671875 0.4658203125 0.0203125 0.041015625
0 0.396875 0.4736328125 0.021875 0.056640625
0 0.3421875 0.4814453125 0.025 0.052734375
0 0.31484375 0.4677734375 0.0203125 0.056640625
2 0.028125 0.4794921875 0.05 0.126953125
2 0.56640625 0.478515625 0.0703125 0.0390625
