2 0.08984375 0.5390625 0.1796875 0.16015625
2 0.2578125 0.490234375 0.1875 0.12890625
2 0.38125 0.4599609375 0.0375 0.029296875
2 0.465625 0.45703125 0.040625 0.03515625
2 0.6171875 0.4755859375 0.0625 0.072265625
2 0.6328125 0.49609375 0.065625 0.078125
2 0.7171875 0.537109375 0.178125 0.140625
2 0.86953125 0.6435546875 0.2546875 0.306640625
2 0.7109375 0.4521484375 0.06875 0.037109375
2 0.89296875 0.47265625 0.0859375 0.04296875
2 0.96015625 0.4814453125 0.0609375 0.044921875
2 0.36484375 0.4736328125 0.0296875 0.060546875
0 0.50859375 0.4658203125 0.0171875 0.041015625
0 0.4875 0.4658203125 0.01875 0.041015625
