0 0.275 0.5361328125 0.046875 0.154296875
1 0.26484375 0.5791015625 0.0265625 0.091796875
0 0.821875 0.4775390625 0.04375 0.087890625
2 0.803125 0.62109375 0.2625 0.2265625
2 0.64453125 0.5048828125 0.1078125 0.103515625
2 0.58984375 0.47265625 0.0546875 0.0546875
2 0.5609375 0.4609375 0.034375 0.05078125
2 0.48828125 0.4404296875 0.0296875 0.037109375
2 0.41015625 0.46484375 0.0421875 0.04296875
2 0.3140625 0.4970703125 0.06875 0.076171875
2 0.2375 0.525390625 0.046875 0.09765625
2 0.10703125 0.5849609375 0.2171875 0.224609375
2 0.69765625 0.4677734375 0.0734375 0.060546875
2 0.73515625 0.470703125 0.0265625 0.05859375
2 0.44140625 0.451171875 0.0296875 0.03125
0 0.51484375 0.447265625 0.0140625 0.03125
0 0.46875 0.4453125 0.0125 0.03125
