0 0.94453125 0.462890625 0.0484375 0.0859375
0 0.8765625 0.5380859375 0.065625 0.228515625
2 0.7859375 0.4892578125 0.125 0.134765625
0 0.6453125 0.4921875 0.025 0.12890625
2 0.69765625 0.47265625 0.0234375 0.02734375
2 0.6734375 0.4697265625 0.021875 0.029296875
2 0.615625 0.47265625 0.028125 0.0234375
2 0.4734375 0.4765625 0.03125 0.03515625
2 0.44140625 0.486328125 0.0453125 0.05078125
0 0.37421875 0.4775390625 0.0203125 0.064453125
2 0.34296875 0.4716796875 0.0296875 0.037109375
0 0.26953125 0.4951171875 0.0234375 0.068359375
0 0.2375 0.478515625 0.021875 0.08203125
2 0.20703125 0.4599609375 0.0328125 0.029296875
2 0.1453125 0.458984375 0.05625 0.0390625
2 0.0828125 0.484375 0.1125 0.1015625
2 0.01875 0.458984375 0.034375 0.04296875
