0 0.2921875 0.4921875 0.040625 0.14453125
0 0.553125 0.4619140625 0.021875 0.044921875
2 0.66875 0.513671875 0.084375 0.109375
2 0.7296875 0.548828125 0.178125 0.16796875
2 0.85703125 0.626953125 0.2796875 0.265625
2 0.946875 0.76171875 0.096875 0.31640625
2 0.09453125 0.5478515625 0.1828125 0.189453125
2 0.2015625 0.5078125 0.14375 0.15234375
2 0.3296875 0.48046875 0.05 0.08203125
2 0.36640625 0.4697265625 0.0546875 0.072265625
2 0.41171875 0.4638671875 0.0328125 0.052734375
2 0.43671875 0.4638671875 0.0234375 0.037109375
2 0.6296875 0.5009765625 0.071875 0.095703125
2 0.61953125 0.474609375 0.0796875 0.08203125
2 0.45390625 0.458984375 0.0203125 0.02734375
2 0.46796875 0.4541015625 0.0234375 0.025390625
