1 0.22890625 0.552734375 0.0453125 0.109375
2 0.8828125 0.650390625 0.221875 0.31640625
2 0.81015625 0.556640625 0.2109375 0.21875
2 0.68515625 0.509765625 0.1078125 0.11328125
2 0.65625 0.494140625 0.078125 0.125
2 0.5390625 0.4501953125 0.028125 0.025390625
2 0.38359375 0.478515625 0.0359375 0.0703125
2 0.3984375 0.4462890625 0.046875 0.037109375
2 0.5765625 0.4541015625 0.028125 0.033203125
2 0.44765625 0.447265625 0.0296875 0.02734375
0 0.46640625 0.4482421875 0.0109375 0.029296875
0 0.96484375 0.4716796875 0.0515625 0.060546875
0 0.60234375 0.490234375 0.0390625 0.1328125
0 0.3578125 0.478515625 0.028125 0.1015625
0 0.33828125 0.474609375 0.0265625 0.109375
0 0.31796875 0.4814453125 0.0296875 0.099609375
2 0.04375 0.4951171875 0.090625 0.119140625
0 0.234375 0.5087890625 0.05625 0.162109375
