2 0.2015625 0.54296875 0.146875 0.12109375
2 0.2703125 0.5068359375 0.090625 0.095703125
2 0.3375 0.4892578125 0.0625 0.056640625
2 0.603125 0.4794921875 0.059375 0.064453125
2 0.6390625 0.513671875 0.071875 0.08984375
2 0.6640625 0.5390625 0.078125 0.11328125
2 0.7734375 0.578125 0.2125 0.203125
2 0.571875 0.4697265625 0.028125 0.044921875
2 0.5625 0.4638671875 0.03125 0.044921875
2 0.49765625 0.431640625 0.0203125 0.0234375
2 0.4078125 0.4560546875 0.0375 0.041015625
2 0.3953125 0.4638671875 0.0375 0.044921875
2 0.178125 0.4765625 0.096875 0.0703125
2 0.11953125 0.5107421875 0.0671875 0.087890625
