2 0.1671875 0.47265625 0.18125 0.0859375
2 0.5765625 0.4580078125 0.025 0.041015625
2 0.60078125 0.466796875 0.0484375 0.04296875
2 0.50625 0.4462890625 0.03125 0.037109375
0 0.98203125 0.4951171875 0.0265625 0.087890625
0 0.8578125 0.474609375 0.028125 0.078125
0 0.78515625 0.46484375 0.0234375 0.0703125
0 0.265625 0.4541015625 0.025 0.064453125
0 0.02734375 0.4541015625 0.0234375 0.099609375
0 0.00859375 0.45703125 0.0203125 0.109375
0 0.4328125 0.4501953125 0.021875 0.056640625
0 0.6921875 0.4580078125 0.01875 0.056640625
2 0.5671875 0.455078125 0.028125 0.03125
1 0.93671875 0.5732421875 0.0671875 0.099609375
