2 0.975 0.537109375 0.04375 0.125
2 0.8921875 0.478515625 0.209375 0.20703125
2 0.8296875 0.4755859375 0.159375 0.154296875
2 0.7453125 0.4921875 0.025 0.0625
2 0.6125 0.4970703125 0.25 0.330078125
2 0.484375 0.48046875 0.021875 0.08203125
2 0.396875 0.4697265625 0.15625 0.173828125
2 0.35078125 0.4873046875 0.0453125 0.154296875
2 0.315625 0.4609375 0.065625 0.16796875
0 0.26875 0.505859375 0.103125 0.27734375
1 0.29140625 0.61328125 0.0734375 0.11328125
2 0.1875 0.3935546875 0.11875 0.048828125
2 0.115625 0.478515625 0.234375 0.26953125
1 0.240625 0.625 0.040625 0.15625
