0 0.65703125 0.5908203125 0.0796875 0.271484375
0 0.3734375 0.611328125 0.0875 0.25390625
1 0.3765625 0.70703125 0.0375 0.1484375
2 0.065625 0.6328125 0.134375 0.234375
2 0.028125 0.4765625 0.059375 0.078125
2 0.25703125 0.486328125 0.1109375 0.06640625
2 0.30078125 0.5029296875 0.0984375 0.083984375
2 0.36875 0.47265625 0.05625 0.0546875
2 0.41015625 0.4609375 0.0359375 0.046875
2 0.42734375 0.451171875 0.0265625 0.0390625
2 0.43515625 0.4501953125 0.0234375 0.037109375
2 0.46875 0.4521484375 0.03125 0.033203125
2 0.4921875 0.4345703125 0.025 0.025390625
2 0.57734375 0.466796875 0.0515625 0.0625
2 0.61796875 0.4892578125 0.0828125 0.103515625
2 0.68671875 0.5244140625 0.0609375 0.103515625
2 0.7375 0.4755859375 0.128125 0.068359375
2 0.87734375 0.466796875 0.1203125 0.0859375
2 0.9203125 0.4736328125 0.146875 0.072265625
2 0.86796875 0.6845703125 0.2546875 0.291015625
2 0.9640625 0.857421875 0.0625 0.26953125
