0 0.9203125 0.546875 0.040625 0.12109375
0 0.640625 0.5078125 0.0375 0.140625
0 0.66796875 0.4873046875 0.0203125 0.068359375
1 0.63828125 0.5615234375 0.0234375 0.083984375
2 0.4046875 0.484375 0.06875 0.0625
2 0.47421875 0.4697265625 0.0265625 0.025390625
2 0.09296875 0.4677734375 0.0765625 0.056640625
2 0.04140625 0.5185546875 0.0765625 0.103515625
2 0.14375 0.46875 0.046875 0.05078125
2 0.20625 0.466796875 0.040625 0.04296875
2 0.54296875 0.47265625 0.0328125 0.0234375
0 0.62421875 0.474609375 0.0203125 0.05859375
0 0.27109375 0.46875 0.0171875 0.05078125
0 0.28828125 0.4697265625 0.0203125 0.052734375
0 0.3125 0.4619140625 0.015625 0.052734375
0 0.32421875 0.4638671875 0.0171875 0.052734375
0 0.60625 0.474609375 0.015625 0.03515625
