2 0.784375 0.443359375 0.03125 0.02734375
2 0.846875 0.4384765625 0.03125 0.033203125
2 0.68046875 0.4462890625 0.0265625 0.037109375
2 0.62890625 0.4501953125 0.0734375 0.052734375
0 0.4203125 0.4248046875 0.025 0.041015625
2 0.37421875 0.431640625 0.0453125 0.03125
2 0.34140625 0.4306640625 0.0265625 0.029296875
2 0.21015625 0.431640625 0.0703125 0.04296875
2 0.15234375 0.4453125 0.1171875 0.05078125
2 0.04609375 0.435546875 0.0921875 0.0625
0 0.31328125 0.478515625 0.0546875 0.15625
2 0.75 0.4423828125 0.0375 0.044921875
2 0.7078125 0.4453125 0.03125 0.04296875
