0 0.03203125 0.5009765625 0.0296875 0.087890625
0 0.009375 0.5 0.021875 0.0859375
0 0.6171875 0.462890625 0.025 0.07421875
0 0.6 0.4619140625 0.025 0.076171875
0 0.74296875 0.4873046875 0.0515625 0.158203125
0 0.78984375 0.4765625 0.0515625 0.171875
0 0.85390625 0.501953125 0.0765625 0.24609375
0 0.940625 0.5078125 0.075 0.23046875
2 0.9765625 0.484375 0.0375 0.11328125
2 0.45625 0.4619140625 0.078125 0.072265625
0 0.16328125 0.4794921875 0.0203125 0.044921875
0 0.12578125 0.4853515625 0.0203125 0.033203125
0 0.1109375 0.48828125 0.01875 0.05078125
0 0.5484375 0.45703125 0.01875 0.046875
0 0.57421875 0.4560546875 0.0171875 0.044921875
0 0.640625 0.4501953125 0.01875 0.044921875
0 0.6671875 0.435546875 0.01875 0.04296875
