0 0.95390625 0.6865234375 0.0859375 0.306640625
0 0.940625 0.55859375 0.075 0.15234375
0 0.8625 0.6591796875 0.090625 0.337890625
2 0.7984375 0.55078125 0.115625 0.1171875
2 0.65078125 0.4697265625 0.0578125 0.056640625
2 0.56875 0.447265625 0.040625 0.0390625
2 0.4671875 0.4638671875 0.040625 0.052734375
2 0.43828125 0.501953125 0.0703125 0.0703125
2 0.325 0.53125 0.128125 0.1484375
2 0.23359375 0.4521484375 0.0921875 0.064453125
2 0.12421875 0.48046875 0.1765625 0.08203125
2 0.225 0.568359375 0.165625 0.16796875
2 0.10546875 0.6513671875 0.2078125 0.255859375
2 0.4953125 0.4560546875 0.025 0.037109375
2 0.51640625 0.4423828125 0.0265625 0.033203125
2 0.6203125 0.453125 0.03125 0.0390625
2 0.03828125 0.4541015625 0.0765625 0.068359375
