0 0.80703125 0.4287109375 0.0296875 0.103515625
1 0.8390625 0.4638671875 0.028125 0.052734375
1 0.78203125 0.466796875 0.0359375 0.046875
2 0.60390625 0.4072265625 0.0421875 0.076171875
1 0.54609375 0.46875 0.0359375 0.05078125
0 0.515625 0.4375 0.021875 0.09375
0 0.48984375 0.4306640625 0.0265625 0.083984375
1 0.46953125 0.474609375 0.0390625 0.046875
2 0.47421875 0.41796875 0.0203125 0.03125
2 0.45625 0.42578125 0.01875 0.02734375
2 0.4234375 0.3984375 0.015625 0.01953125
2 0.446875 0.3984375 0.015625 0.01953125
2 0.453125 0.412109375 0.015625 0.01953125
2 0.3875 0.3896484375 0.015625 0.021484375
2 0.378125 0.419921875 0.025 0.04296875
2 0.3625 0.4296875 0.021875 0.046875
2 0.32109375 0.4365234375 0.0890625 0.091796875
