2 0.85859375 0.787109375 0.2734375 0.41015625
2 0.78203125 0.63671875 0.3328125 0.296875
2 0.5703125 0.5048828125 0.10625 0.115234375
2 0.80859375 0.4716796875 0.1234375 0.056640625
2 0.91484375 0.478515625 0.0734375 0.078125
2 0.41484375 0.4619140625 0.0421875 0.037109375
2 0.24140625 0.4912109375 0.0921875 0.068359375
2 0.2234375 0.5146484375 0.05625 0.060546875
2 0.10390625 0.552734375 0.1671875 0.140625
0 0.1921875 0.513671875 0.04375 0.10546875
2 0.28671875 0.4912109375 0.0265625 0.052734375
2 0.3078125 0.490234375 0.03125 0.05078125
2 0.34140625 0.4541015625 0.0328125 0.033203125
