2 0.34921875 0.4814453125 0.0453125 0.068359375
2 0.2828125 0.4931640625 0.115625 0.119140625
2 0.5765625 0.4619140625 0.059375 0.060546875
2 0.60859375 0.4873046875 0.0578125 0.083984375
2 0.64609375 0.51171875 0.0984375 0.09375
2 0.80078125 0.599609375 0.2296875 0.1796875
2 0.89765625 0.75 0.1953125 0.328125
0 0.38828125 0.4677734375 0.0203125 0.068359375
2 0.40078125 0.453125 0.0265625 0.04296875
2 0.42109375 0.4423828125 0.0265625 0.037109375
0 0.44921875 0.447265625 0.0203125 0.0546875
2 0.5 0.4375 0.025 0.03125
0 0.48671875 0.4443359375 0.0203125 0.056640625
0 0.5171875 0.4521484375 0.01875 0.041015625
