0 0.540625 0.455078125 0.01875 0.05859375
2 0.88125 0.69140625 0.23125 0.37109375
2 0.759375 0.58984375 0.18125 0.1875
2 0.70078125 0.537109375 0.1171875 0.10546875
2 0.6671875 0.5048828125 0.103125 0.119140625
2 0.615625 0.4892578125 0.05 0.099609375
2 0.384375 0.458984375 0.046875 0.0703125
2 0.36015625 0.4755859375 0.0453125 0.060546875
2 0.340625 0.486328125 0.034375 0.06640625
2 0.30625 0.498046875 0.053125 0.07421875
2 0.2765625 0.5078125 0.075 0.09765625
2 0.1875 0.52734375 0.178125 0.14453125
0 0.0140625 0.4931640625 0.028125 0.083984375
2 0.06640625 0.6259765625 0.1359375 0.220703125
2 0.409375 0.45703125 0.025 0.0390625
2 0.4171875 0.4462890625 0.028125 0.037109375
2 0.58046875 0.4677734375 0.0578125 0.068359375
0 0.52578125 0.455078125 0.0203125 0.0546875
