0 0.32890625 0.46875 0.0296875 0.08203125
2 0.6984375 0.505859375 0.109375 0.109375
2 0.8734375 0.650390625 0.240625 0.41796875
2 0.65390625 0.494140625 0.0359375 0.078125
2 0.6546875 0.4765625 0.06875 0.07421875
2 0.634375 0.4619140625 0.04375 0.056640625
1 0.071875 0.5234375 0.05625 0.09375
1 0.28359375 0.498046875 0.0328125 0.06640625
1 0.2109375 0.501953125 0.05 0.09375
0 0.39609375 0.4580078125 0.0171875 0.056640625
0 0.425 0.4609375 0.015625 0.046875
0 0.43671875 0.45703125 0.0140625 0.04296875
0 0.46484375 0.45703125 0.0140625 0.04296875
