2 0.1328125 0.5341796875 0.20625 0.166015625
2 0.24609375 0.5087890625 0.0984375 0.107421875
2 0.32265625 0.4931640625 0.0796875 0.076171875
2 0.38203125 0.482421875 0.0546875 0.05859375
2 0.73515625 0.52734375 0.1734375 0.1640625
2 0.84765625 0.5908203125 0.2703125 0.248046875
2 0.9375 0.7265625 0.1125 0.23828125
2 0.64296875 0.498046875 0.0515625 0.0859375
0 0.5546875 0.458984375 0.01875 0.0390625
0 0.4453125 0.462890625 0.01875 0.05859375
2 0.60234375 0.4833984375 0.0328125 0.056640625
2 0.590625 0.4697265625 0.0375 0.052734375
2 0.4078125 0.46484375 0.040625 0.0546875
2 0.46875 0.4541015625 0.021875 0.029296875
2 0.57890625 0.46484375 0.0328125 0.04296875
2 0.4875 0.453125 0.01875 0.0234375
