0 0.95078125 0.71484375 0.0921875 0.41015625
2 0.89375 0.6220703125 0.1 0.177734375
2 0.83671875 0.572265625 0.1484375 0.13671875
2 0.65 0.4736328125 0.0625 0.052734375
2 0.56484375 0.4482421875 0.0328125 0.041015625
2 0.46015625 0.466796875 0.0421875 0.0625
2 0.41796875 0.484375 0.0609375 0.08203125
2 0.02421875 0.447265625 0.0484375 0.0546875
2 0.096875 0.49609375 0.19375 0.109375
2 0.203125 0.4560546875 0.090625 0.083984375
2 0.0640625 0.6904296875 0.13125 0.287109375
2 0.165625 0.5986328125 0.209375 0.201171875
2 0.29375 0.5322265625 0.15625 0.177734375
2 0.621875 0.455078125 0.0375 0.0390625
2 0.48671875 0.455078125 0.0265625 0.0390625
2 0.51328125 0.443359375 0.0265625 0.03125
2 0.328125 0.4521484375 0.059375 0.052734375
