0 0.425 0.474609375 0.028125 0.1171875
0 0.37578125 0.484375 0.0421875 0.125
1 0.378125 0.529296875 0.021875 0.078125
0 0.17109375 0.490234375 0.0203125 0.06640625
0 0.7125 0.474609375 0.04375 0.16796875
0 0.74921875 0.4765625 0.0359375 0.15234375
2 0.80625 0.462890625 0.05625 0.07421875
2 0.92421875 0.44921875 0.1453125 0.140625
2 0.9484375 0.4873046875 0.09375 0.123046875
0 0.55 0.4560546875 0.01875 0.044921875
0 0.1265625 0.4833984375 0.01875 0.037109375
0 0.6109375 0.4560546875 0.01875 0.064453125
0 0.6296875 0.4580078125 0.01875 0.060546875
2 0.64375 0.4462890625 0.025 0.029296875
