0 0.80703125 0.58203125 0.1203125 0.51953125
0 0.45234375 0.4853515625 0.0328125 0.107421875
0 0.40859375 0.48828125 0.0328125 0.1171875
2 0.9296875 0.5390625 0.134375 0.25
2 0.70234375 0.50390625 0.1203125 0.19921875
2 0.88359375 0.4501953125 0.0515625 0.087890625
2 0.58203125 0.5146484375 0.0734375 0.103515625
2 0.56484375 0.4951171875 0.1359375 0.119140625
2 0.2140625 0.470703125 0.04375 0.03515625
2 0.103125 0.4951171875 0.128125 0.115234375
2 0.15625 0.48828125 0.0625 0.0625
2 0.05078125 0.498046875 0.1046875 0.125
2 0.38828125 0.4765625 0.0328125 0.0625
0 0.3265625 0.4658203125 0.01875 0.044921875
