2 0.1765625 0.408203125 0.078125 0.078125
0 0.2234375 0.376953125 0.025 0.05078125
0 0.25 0.3564453125 0.025 0.033203125
0 0.7140625 0.4990234375 0.140625 0.353515625
0 0.7890625 0.4990234375 0.071875 0.310546875
1 0.85546875 0.5654296875 0.1078125 0.146484375
0 0.82421875 0.486328125 0.0859375 0.22265625
0 0.93671875 0.5361328125 0.1203125 0.384765625
2 0.25546875 0.42578125 0.1328125 0.11328125
2 0.4984375 0.421875 0.06875 0.0859375
2 0.4609375 0.4072265625 0.05 0.064453125
2 0.38203125 0.396484375 0.0265625 0.03125
2 0.44609375 0.3955078125 0.0453125 0.056640625
0 0.35 0.39453125 0.015625 0.0390625
0 0.41328125 0.396484375 0.0140625 0.03515625
0 0.3265625 0.3955078125 0.0125 0.037109375
2 0.921875 0.3984375 0.084375 0.0703125
