0 0.7234375 0.4794921875 0.04375 0.150390625
0 0.68046875 0.478515625 0.0453125 0.14453125
0 0.62265625 0.47265625 0.0640625 0.14453125
1 0.14375 0.53515625 0.040625 0.05859375
2 0.1875 0.4736328125 0.065625 0.083984375
2 0.58125 0.466796875 0.084375 0.078125
2 0.21875 0.46875 0.05625 0.06640625
2 0.53828125 0.4580078125 0.0390625 0.060546875
2 0.5046875 0.453125 0.034375 0.04296875
2 0.246875 0.462890625 0.040625 0.05859375
2 0.2671875 0.462890625 0.0375 0.05078125
2 0.2953125 0.458984375 0.0375 0.046875
2 0.4875 0.447265625 0.01875 0.03125
2 0.478125 0.447265625 0.01875 0.02734375
2 0.4625 0.44140625 0.0125 0.01953125
2 0.328125 0.451171875 0.03125 0.0390625
2 0.35 0.447265625 0.015625 0.03125
2 0.36328125 0.4482421875 0.0171875 0.025390625
2 0.37890625 0.4462890625 0.0171875 0.025390625
2 0.3921875 0.4443359375 0.0125 0.021484375
2 0.403125 0.443359375 0.015625 0.01953125
2 0.4515625 0.443359375 0.0125 0.01953125
2 0.41953125 0.439453125 0.0234375 0.02734375
0 0.140625 0.45703125 0.034375 0.09765625
