2 0.70390625 0.52734375 0.1359375 0.140625
2 0.6390625 0.515625 0.053125 0.1015625
2 0.9265625 0.7265625 0.140625 0.3515625
2 0.59921875 0.4765625 0.0421875 0.05859375
2 0.49453125 0.439453125 0.0296875 0.03125
2 0.428125 0.4501953125 0.034375 0.033203125
2 0.384375 0.4658203125 0.046875 0.044921875
2 0.04609375 0.51171875 0.0953125 0.12109375
0 0.3203125 0.50390625 0.03125 0.09765625
1 0.31953125 0.53125 0.0265625 0.0625
2 0.146875 0.484375 0.0375 0.078125
2 0.25234375 0.45703125 0.0453125 0.0546875
2 0.29140625 0.470703125 0.0515625 0.0546875
2 0.56953125 0.4619140625 0.0328125 0.041015625
2 0.5578125 0.44921875 0.034375 0.04296875
