0 0.68046875 0.4599609375 0.0578125 0.099609375
0 0.60234375 0.478515625 0.0265625 0.125
0 0.57421875 0.501953125 0.0203125 0.08203125
0 0.553125 0.48046875 0.021875 0.09765625
0 0.5296875 0.478515625 0.021875 0.0859375
2 0.503125 0.4658203125 0.025 0.044921875
2 0.4609375 0.4736328125 0.025 0.033203125
2 0.4296875 0.47265625 0.034375 0.0390625
2 0.3890625 0.484375 0.06875 0.0859375
2 0.3484375 0.4658203125 0.021875 0.029296875
2 0.32265625 0.4794921875 0.0578125 0.064453125
2 0.2453125 0.4736328125 0.09375 0.099609375
2 0.13125 0.46484375 0.0375 0.03515625
2 0.08125 0.4658203125 0.03125 0.044921875
2 0.03125 0.470703125 0.0375 0.0546875
