2 0.16171875 0.5517578125 0.2046875 0.166015625
2 0.17109375 0.453125 0.0984375 0.05859375
2 0.26796875 0.4619140625 0.0578125 0.068359375
2 0.53984375 0.5087890625 0.0859375 0.087890625
2 0.81015625 0.5595703125 0.1359375 0.134765625
0 0.771875 0.4609375 0.021875 0.05859375
0 0.8609375 0.4658203125 0.025 0.044921875
0 0.8171875 0.46484375 0.028125 0.0546875
0 0.0953125 0.46484375 0.015625 0.08203125
2 0.31875 0.4580078125 0.034375 0.044921875
2 0.5140625 0.4775390625 0.0625 0.068359375
2 0.48046875 0.4755859375 0.0265625 0.044921875
2 0.34453125 0.45703125 0.0296875 0.03515625
0 0.1171875 0.4462890625 0.01875 0.041015625
2 0.9375 0.53125 0.11875 0.078125
