0 0.225 0.4072265625 0.028125 0.080078125
0 0.2625 0.390625 0.028125 0.0625
2 0.29765625 0.4267578125 0.0953125 0.087890625
2 0.17734375 0.412109375 0.0765625 0.0625
2 0.35859375 0.408203125 0.0421875 0.03125
2 0.4625 0.4296875 0.040625 0.06640625
0 0.4921875 0.4892578125 0.084375 0.244140625
0 0.57265625 0.494140625 0.0484375 0.23046875
0 0.63203125 0.513671875 0.0984375 0.265625
0 0.709375 0.5068359375 0.08125 0.251953125
0 0.8421875 0.509765625 0.103125 0.28125
0 0.9 0.5078125 0.053125 0.2578125
0 0.95234375 0.50390625 0.0734375 0.23828125
0 0.98359375 0.47265625 0.0265625 0.1796875
2 0.45 0.4111328125 0.059375 0.064453125
2 0.421875 0.40234375 0.028125 0.046875
0 0.39609375 0.4072265625 0.0140625 0.037109375
