1 0.2890625 0.708984375 0.04375 0.16015625
0 0.7578125 0.5986328125 0.0875 0.287109375
0 0.28359375 0.626953125 0.0921875 0.27734375
2 0.825 0.5849609375 0.10625 0.169921875
2 0.70859375 0.5849609375 0.0609375 0.169921875
2 0.68203125 0.5146484375 0.1046875 0.146484375
2 0.62109375 0.4794921875 0.0671875 0.076171875
2 0.41171875 0.466796875 0.0484375 0.05078125
2 0.35625 0.48828125 0.071875 0.06640625
2 0.2078125 0.5048828125 0.121875 0.083984375
2 0.2234375 0.53125 0.08125 0.1171875
2 0.48671875 0.455078125 0.0453125 0.03515625
2 0.44453125 0.4521484375 0.0328125 0.052734375
2 0.43984375 0.4609375 0.0265625 0.05078125
2 0.83984375 0.4931640625 0.1359375 0.076171875
