2 0.8921875 0.64453125 0.20625 0.24609375
2 0.796875 0.5751953125 0.146875 0.134765625
2 0.71796875 0.5224609375 0.1109375 0.115234375
2 0.60546875 0.4716796875 0.0515625 0.060546875
2 0.6453125 0.5048828125 0.065625 0.076171875
2 0.5109375 0.4521484375 0.028125 0.029296875
0 0.35625 0.4599609375 0.0125 0.041015625
0 0.34375 0.458984375 0.0125 0.046875
0 0.3640625 0.4580078125 0.0125 0.048828125
0 0.41328125 0.4501953125 0.0109375 0.029296875
0 0.4234375 0.44921875 0.009375 0.02734375
2 0.565625 0.458984375 0.03125 0.03125
