2 0.04609375 0.595703125 0.0953125 0.24609375
2 0.14375 0.57421875 0.159375 0.16015625
2 0.234375 0.5380859375 0.10625 0.119140625
2 0.28203125 0.5166015625 0.0609375 0.087890625
2 0.315625 0.4873046875 0.071875 0.083984375
2 0.38359375 0.470703125 0.0359375 0.05078125
2 0.60390625 0.5 0.0359375 0.07421875
2 0.59296875 0.484375 0.0546875 0.07421875
2 0.65625 0.5146484375 0.109375 0.107421875
2 0.7265625 0.58203125 0.15625 0.1640625
2 0.8546875 0.6533203125 0.284375 0.291015625
2 0.959375 0.8603515625 0.075 0.220703125
0 0.5296875 0.45703125 0.021875 0.046875
0 0.51015625 0.45703125 0.0203125 0.05078125
2 0.409375 0.4609375 0.034375 0.05078125
2 0.43046875 0.453125 0.0203125 0.03515625
2 0.5578125 0.46484375 0.04375 0.05859375
0 0.209375 0.466796875 0.025 0.0390625
