2 0.90625 0.4833984375 0.065625 0.095703125
2 0.82890625 0.486328125 0.0453125 0.0859375
2 0.80703125 0.455078125 0.0859375 0.08203125
2 0.6984375 0.45703125 0.06875 0.06640625
2 0.46484375 0.458984375 0.0734375 0.05859375
2 0.53203125 0.4521484375 0.0296875 0.041015625
2 0.5109375 0.455078125 0.028125 0.046875
0 0.57890625 0.4697265625 0.0265625 0.119140625
0 0.59375 0.490234375 0.034375 0.109375
0 0.65703125 0.5029296875 0.0515625 0.150390625
2 0.2703125 0.4541015625 0.025 0.072265625
2 0.20078125 0.4482421875 0.1046875 0.099609375
2 0.07109375 0.421875 0.1328125 0.06640625
