2 0.79609375 0.515625 0.2453125 0.22265625
2 0.64453125 0.50390625 0.0609375 0.14453125
2 0.59140625 0.4921875 0.0453125 0.11328125
2 0.5421875 0.4814453125 0.05625 0.076171875
2 0.5015625 0.4814453125 0.028125 0.041015625
2 0.12265625 0.5078125 0.0703125 0.13671875
2 0.25078125 0.49609375 0.0328125 0.0625
2 0.2796875 0.486328125 0.025 0.0546875
2 0.31015625 0.482421875 0.0328125 0.046875
2 0.3390625 0.4775390625 0.021875 0.044921875
2 0.215625 0.490234375 0.040625 0.09375
2 0.17734375 0.505859375 0.0390625 0.109375
2 0.0453125 0.5224609375 0.09375 0.189453125
2 0.48125 0.47265625 0.021875 0.02734375
2 0.4296875 0.474609375 0.021875 0.0234375
