0 0.42265625 0.4833984375 0.0234375 0.060546875
2 0.165625 0.61328125 0.321875 0.40234375
2 0.73984375 0.5146484375 0.0984375 0.087890625
2 0.86953125 0.5859375 0.2515625 0.22265625
2 0.70390625 0.49609375 0.0578125 0.06640625
2 0.68125 0.4814453125 0.0375 0.044921875
0 0.4625 0.4765625 0.015625 0.046875
0 0.475 0.4775390625 0.0125 0.041015625
0 0.4875 0.4775390625 0.0125 0.044921875
0 0.4984375 0.478515625 0.0125 0.04296875
0 0.5265625 0.47265625 0.009375 0.03125
0 0.53515625 0.474609375 0.0109375 0.03125
