2 0.421875 0.453125 0.090625 0.109375
2 0.3453125 0.4619140625 0.015625 0.068359375
2 0.14140625 0.5400390625 0.2859375 0.396484375
0 0.71328125 0.4541015625 0.0234375 0.048828125
0 0.6703125 0.4326171875 0.015625 0.025390625
0 0.73359375 0.44140625 0.0171875 0.01953125
0 0.81328125 0.4345703125 0.0203125 0.052734375
0 0.6328125 0.4462890625 0.01875 0.041015625
2 0.478125 0.447265625 0.0125 0.01953125
0 0.36328125 0.458984375 0.0203125 0.06640625
2 0.3046875 0.4599609375 0.065625 0.087890625
0 0.5609375 0.4443359375 0.0125 0.029296875
