0 0.93828125 0.521484375 0.0359375 0.15234375
0 0.8984375 0.5234375 0.040625 0.16015625
0 0.86640625 0.5087890625 0.0265625 0.126953125
0 0.84375 0.515625 0.01875 0.12109375
0 0.8203125 0.5146484375 0.025 0.126953125
0 0.7953125 0.5185546875 0.025 0.115234375
2 0.3671875 0.46484375 0.046875 0.04296875
2 0.44375 0.45703125 0.065625 0.03515625
2 0.40703125 0.5244140625 0.0703125 0.091796875
2 0.32890625 0.494140625 0.0734375 0.07421875
2 0.28359375 0.4873046875 0.0359375 0.052734375
2 0.4953125 0.4580078125 0.0375 0.033203125
2 0.48046875 0.5380859375 0.1296875 0.126953125
0 0.19765625 0.48828125 0.0171875 0.05859375
0 0.184375 0.490234375 0.015625 0.05859375
0 0.16640625 0.4970703125 0.0234375 0.060546875
2 0.04140625 0.51953125 0.0859375 0.08203125
0 0.96796875 0.51171875 0.0328125 0.14453125
0 0.99140625 0.5146484375 0.0109375 0.146484375
0 0.72890625 0.494140625 0.0203125 0.08203125
0 0.64921875 0.494140625 0.0203125 0.0703125
0 0.66875 0.48828125 0.01875 0.07421875
0 0.603125 0.4853515625 0.015625 0.056640625
0 0.6203125 0.4814453125 0.01875 0.060546875
0 0.6890625 0.4609375 0.015625 0.04296875
0 0.70078125 0.4599609375 0.0140625 0.044921875
0 0.7109375 0.4609375 0.0125 0.05078125
0 0.59375 0.4619140625 0.015625 0.041015625
0 0.6328125 0.4609375 0.015625 0.05859375
0 0.73125 0.4306640625 0.0125 0.044921875
0 0.74140625 0.4267578125 0.0140625 0.041015625
0 0.5640625 0.4501953125 0.0125 0.041015625
0 0.55625 0.4501953125 0.0125 0.041015625
