2 0.15703125 0.44140625 0.0890625 0.08203125
1 0.65 0.5400390625 0.021875 0.107421875
0 0.64609375 0.48046875 0.0546875 0.16796875
1 0.53828125 0.546875 0.0484375 0.078125
0 0.53125 0.490234375 0.065625 0.140625
0 0.440625 0.451171875 0.0375 0.10546875
1 0.43984375 0.49609375 0.0265625 0.05859375
0 0.36953125 0.443359375 0.0234375 0.07421875
0 0.3890625 0.4443359375 0.021875 0.060546875
1 0.3890625 0.4677734375 0.01875 0.033203125
1 0.37109375 0.46875 0.0203125 0.046875
1 0.47109375 0.4853515625 0.0203125 0.052734375
0 0.471875 0.4580078125 0.01875 0.076171875
