2 0.43125 0.4794921875 0.071875 0.083984375
0 0.49375 0.515625 0.053125 0.15234375
0 0.83984375 0.5234375 0.0515625 0.12890625
0 0.790625 0.4775390625 0.034375 0.060546875
0 0.5546875 0.4794921875 0.028125 0.072265625
0 0.72421875 0.5126953125 0.0390625 0.103515625
2 0.0875 0.4921875 0.0875 0.06640625
2 0.1375 0.4833984375 0.040625 0.048828125
0 0.815625 0.4990234375 0.025 0.072265625
2 0.6203125 0.478515625 0.040625 0.05078125
2 0.58203125 0.486328125 0.0265625 0.03515625
0 0.9484375 0.46875 0.021875 0.0546875
0 0.928125 0.4609375 0.025 0.0390625
