0 0.88359375 0.5048828125 0.0234375 0.044921875
0 0.840625 0.4736328125 0.028125 0.041015625
1 0.8375 0.513671875 0.046875 0.04296875
0 0.6109375 0.470703125 0.015625 0.0546875
0 0.525 0.4794921875 0.01875 0.056640625
2 0.27109375 0.48046875 0.0421875 0.0546875
2 0.228125 0.4853515625 0.040625 0.060546875
2 0.1765625 0.4892578125 0.06875 0.083984375
2 0.08359375 0.4794921875 0.1296875 0.138671875
2 0.02890625 0.5087890625 0.0578125 0.123046875
2 0.36640625 0.474609375 0.0359375 0.0390625
2 0.334375 0.4736328125 0.034375 0.037109375
