2 0.0765625 0.486328125 0.146875 0.1171875
1 0.21640625 0.5146484375 0.0328125 0.060546875
1 0.31796875 0.490234375 0.0171875 0.046875
0 0.47265625 0.462890625 0.0234375 0.1015625
0 0.01171875 0.455078125 0.0234375 0.0625
2 0.82265625 0.458984375 0.0703125 0.1328125
1 0.6984375 0.4677734375 0.0625 0.048828125
1 0.653125 0.4716796875 0.025 0.041015625
0 0.31875 0.4453125 0.021875 0.05078125
0 0.30234375 0.4609375 0.0203125 0.0546875
0 0.2140625 0.4443359375 0.034375 0.083984375
0 0.3703125 0.4755859375 0.0125 0.029296875
