0 0.19921875 0.490234375 0.0359375 0.078125
0 0.1765625 0.4970703125 0.028125 0.064453125
2 0.83515625 0.466796875 0.0234375 0.06640625
2 0.80703125 0.4580078125 0.0671875 0.083984375
2 0.92421875 0.4453125 0.1453125 0.13671875
2 0.95 0.4853515625 0.0875 0.119140625
0 0.60390625 0.4609375 0.0234375 0.08984375
0 0.62578125 0.4609375 0.0265625 0.08984375
0 0.68984375 0.4658203125 0.0421875 0.119140625
0 0.1265625 0.4853515625 0.021875 0.033203125
0 0.3578125 0.455078125 0.0125 0.0234375
0 0.375 0.4599609375 0.0125 0.025390625
2 0.72734375 0.4609375 0.0421875 0.05078125
