2 0.93984375 0.51953125 0.1109375 0.16796875
2 0.878125 0.4833984375 0.23125 0.189453125
2 0.80234375 0.474609375 0.1328125 0.1484375
2 0.725 0.482421875 0.021875 0.0703125
2 0.59375 0.5009765625 0.259375 0.341796875
0 0.45078125 0.4951171875 0.0296875 0.201171875
2 0.3921875 0.4609375 0.109375 0.140625
3 0.3828125 0.5546875 0.1 0.08984375
2 0.27734375 0.4599609375 0.1703125 0.150390625
2 0.2015625 0.474609375 0.278125 0.23046875
2 0.05859375 0.3896484375 0.1203125 0.091796875
2 0.0546875 0.548828125 0.1125 0.24609375
2 0.37265625 0.4765625 0.0359375 0.09765625
