0 0.0875 0.4599609375 0.028125 0.091796875
0 0.0671875 0.4541015625 0.01875 0.087890625
0 0.3078125 0.4619140625 0.01875 0.052734375
0 0.32265625 0.4658203125 0.0203125 0.056640625
2 0.53203125 0.45703125 0.0296875 0.02734375
2 0.5953125 0.4697265625 0.0375 0.033203125
0 0.9640625 0.4990234375 0.0375 0.091796875
0 0.8828125 0.4892578125 0.021875 0.091796875
0 0.86015625 0.5009765625 0.0265625 0.091796875
0 0.76328125 0.4794921875 0.0265625 0.068359375
0 0.66171875 0.48828125 0.0296875 0.08984375
0 0.628125 0.484375 0.028125 0.09765625
0 0.29609375 0.458984375 0.0203125 0.0546875
0 0.74765625 0.4755859375 0.0203125 0.068359375
0 0.79453125 0.4658203125 0.0234375 0.044921875
0 0.7328125 0.4833984375 0.01875 0.083984375
