2 0.821875 0.4833984375 0.184375 0.119140625
2 0.6796875 0.5576171875 0.159375 0.138671875
2 0.78359375 0.634765625 0.2734375 0.2265625
2 0.8796875 0.8076171875 0.234375 0.376953125
2 0.3328125 0.4765625 0.021875 0.04296875
2 0.32890625 0.4599609375 0.0328125 0.037109375
2 0.1125 0.501953125 0.103125 0.078125
2 0.0390625 0.505859375 0.075 0.1171875
2 0.0328125 0.6025390625 0.065625 0.150390625
0 0.625 0.4501953125 0.01875 0.052734375
0 0.59609375 0.453125 0.0203125 0.0546875
0 0.2390625 0.46484375 0.01875 0.05859375
2 0.290625 0.45703125 0.034375 0.046875
2 0.39296875 0.4541015625 0.0234375 0.025390625
2 0.43203125 0.462890625 0.0296875 0.03125
1 0.35 0.515625 0.021875 0.0546875
