2 0.9265625 0.4716796875 0.140625 0.103515625
2 0.85234375 0.46875 0.0984375 0.07421875
0 0.615625 0.4755859375 0.015625 0.048828125
0 0.60078125 0.466796875 0.0171875 0.0625
0 0.5859375 0.470703125 0.01875 0.0546875
2 0.54296875 0.458984375 0.0703125 0.04296875
2 0.46484375 0.451171875 0.0265625 0.03125
2 0.40859375 0.447265625 0.0234375 0.0234375
2 0.38671875 0.4443359375 0.0265625 0.025390625
2 0.38203125 0.458984375 0.0296875 0.02734375
2 0.34296875 0.4677734375 0.0609375 0.064453125
2 0.30703125 0.458984375 0.0203125 0.03515625
2 0.284375 0.46484375 0.034375 0.0390625
2 0.259375 0.470703125 0.04375 0.046875
2 0.20859375 0.470703125 0.0734375 0.07421875
2 0.1234375 0.4765625 0.121875 0.09765625
2 0.0328125 0.4638671875 0.0625 0.060546875
