2 0.97890625 0.49609375 0.0328125 0.0859375
2 0.884375 0.4736328125 0.04375 0.072265625
2 0.80703125 0.4599609375 0.0578125 0.068359375
0 0.9328125 0.498046875 0.075 0.3359375
0 0.6421875 0.466796875 0.021875 0.06640625
0 0.6203125 0.4658203125 0.025 0.068359375
0 0.603125 0.4599609375 0.01875 0.064453125
2 0.4578125 0.4560546875 0.04375 0.033203125
0 0.17109375 0.4775390625 0.0203125 0.041015625
0 0.1109375 0.4873046875 0.01875 0.052734375
0 0.3625 0.4609375 0.0125 0.02734375
0 0.3765625 0.4599609375 0.0125 0.025390625
0 0.54921875 0.45703125 0.0140625 0.04296875
2 0.72578125 0.4599609375 0.0359375 0.056640625
0 0.1265625 0.48828125 0.01875 0.03515625
