2 0.0265625 0.5390625 0.053125 0.19140625
2 0.09296875 0.5302734375 0.1484375 0.166015625
2 0.20859375 0.5185546875 0.0921875 0.115234375
2 0.27265625 0.5009765625 0.0734375 0.087890625
2 0.36484375 0.486328125 0.0578125 0.0625
2 0.8671875 0.482421875 0.128125 0.1171875
2 0.81328125 0.48046875 0.0421875 0.08203125
2 0.94765625 0.4931640625 0.0953125 0.162109375
0 0.415625 0.4814453125 0.03125 0.072265625
2 0.77265625 0.470703125 0.0703125 0.046875
2 0.58125 0.47265625 0.0375 0.0390625
2 0.43046875 0.4677734375 0.0265625 0.044921875
2 0.44921875 0.470703125 0.0203125 0.03125
2 0.46015625 0.470703125 0.0203125 0.02734375
2 0.48046875 0.4619140625 0.0203125 0.029296875
2 0.4890625 0.4580078125 0.021875 0.025390625
0 0.54921875 0.4619140625 0.0140625 0.037109375
0 0.5390625 0.462890625 0.0125 0.0390625
