0 0.98828125 0.44921875 0.0171875 0.07421875
0 0.90703125 0.4111328125 0.0140625 0.044921875
0 0.8875 0.408203125 0.01875 0.046875
0 0.87578125 0.4443359375 0.0203125 0.083984375
0 0.8515625 0.439453125 0.021875 0.06640625
0 0.834375 0.43359375 0.01875 0.0625
0 0.8109375 0.412109375 0.0125 0.03515625
0 0.80390625 0.431640625 0.0203125 0.0546875
0 0.784375 0.4326171875 0.01875 0.056640625
0 0.75234375 0.431640625 0.0203125 0.05078125
0 0.6859375 0.4560546875 0.021875 0.083984375
0 0.6671875 0.4423828125 0.015625 0.056640625
0 0.64921875 0.447265625 0.0171875 0.05078125
2 0.5890625 0.4912109375 0.115625 0.099609375
2 0.5140625 0.4658203125 0.053125 0.052734375
2 0.49140625 0.4521484375 0.0296875 0.044921875
2 0.475 0.447265625 0.021875 0.0390625
2 0.42578125 0.4697265625 0.0796875 0.091796875
2 0.35078125 0.4609375 0.0578125 0.05859375
2 0.31484375 0.4638671875 0.0234375 0.056640625
2 0.29296875 0.46875 0.0328125 0.04296875
2 0.25859375 0.482421875 0.0421875 0.0546875
2 0.19609375 0.486328125 0.0828125 0.078125
2 0.0796875 0.5439453125 0.1625 0.201171875
0 0.57578125 0.42578125 0.0140625 0.0234375
