2 0.07421875 0.6044921875 0.1453125 0.240234375
1 0.18203125 0.71875 0.0359375 0.15234375
0 0.17734375 0.626953125 0.0765625 0.265625
2 0.16875 0.541015625 0.134375 0.171875
2 0.24921875 0.509765625 0.0828125 0.109375
2 0.29609375 0.4833984375 0.0796875 0.103515625
2 0.35 0.4814453125 0.04375 0.072265625
2 0.41171875 0.4482421875 0.0421875 0.041015625
2 0.5609375 0.451171875 0.046875 0.04296875
2 0.628125 0.5234375 0.090625 0.1015625
2 0.71640625 0.5390625 0.1546875 0.1328125
2 0.80390625 0.607421875 0.2453125 0.19921875
2 0.92578125 0.7373046875 0.1421875 0.291015625
2 0.4515625 0.439453125 0.028125 0.03515625
2 0.66796875 0.4365234375 0.0328125 0.041015625
2 0.73359375 0.4365234375 0.1015625 0.064453125
2 0.47734375 0.4384765625 0.0234375 0.025390625
2 0.5109375 0.4365234375 0.021875 0.025390625
