2 0.184375 0.431640625 0.075 0.06640625
0 0.2390625 0.421875 0.021875 0.06640625
0 0.28359375 0.4638671875 0.0515625 0.150390625
0 0.321875 0.486328125 0.046875 0.15625
0 0.375 0.486328125 0.05625 0.16796875
0 0.4109375 0.4833984375 0.04375 0.150390625
0 0.46875 0.5029296875 0.05 0.177734375
0 0.5046875 0.4794921875 0.0375 0.138671875
0 0.5453125 0.4990234375 0.046875 0.197265625
0 0.59140625 0.5078125 0.0578125 0.171875
0 0.7828125 0.5166015625 0.10625 0.212890625
2 0.61796875 0.4638671875 0.0546875 0.080078125
0 0.81875 0.5087890625 0.059375 0.197265625
0 0.25859375 0.4150390625 0.0234375 0.072265625
2 0.85546875 0.4287109375 0.0765625 0.029296875
2 0.90703125 0.439453125 0.0859375 0.0234375
2 0.6875 0.4453125 0.075 0.04296875
