0 0.715625 0.4677734375 0.034375 0.115234375
0 0.68125 0.46875 0.028125 0.0859375
2 0.453125 0.4755859375 0.14375 0.162109375
2 0.196875 0.48046875 0.084375 0.0859375
2 0.090625 0.474609375 0.16875 0.12890625
0 0.9421875 0.4287109375 0.025 0.091796875
0 0.91171875 0.44921875 0.0265625 0.06640625
0 0.58515625 0.458984375 0.0171875 0.046875
2 0.365625 0.4609375 0.03125 0.04296875
2 0.31875 0.4599609375 0.028125 0.037109375
2 0.28984375 0.4599609375 0.0328125 0.044921875
2 0.25859375 0.4658203125 0.0359375 0.041015625
