2 0.6125 0.5400390625 0.178125 0.130859375
2 0.775 0.5888671875 0.29375 0.181640625
2 0.90703125 0.681640625 0.1734375 0.265625
0 0.4421875 0.4765625 0.040625 0.078125
0 0.265625 0.44921875 0.01875 0.0546875
0 0.08984375 0.4560546875 0.0203125 0.052734375
2 0.5328125 0.4619140625 0.05625 0.064453125
2 0.59375 0.46484375 0.05 0.0625
2 0.6875 0.470703125 0.0875 0.06640625
2 0.921875 0.447265625 0.03125 0.0390625
2 0.05859375 0.4541015625 0.0515625 0.041015625
2 0.01484375 0.453125 0.0328125 0.046875
0 0.178125 0.447265625 0.021875 0.04296875
0 0.19296875 0.458984375 0.0328125 0.05078125
