2 0.778125 0.5615234375 0.16875 0.138671875
2 0.915625 0.52734375 0.071875 0.109375
2 0.834375 0.478515625 0.09375 0.05078125
2 0.6734375 0.49609375 0.0625 0.0625
2 0.590625 0.509765625 0.034375 0.09375
1 0.6328125 0.62109375 0.034375 0.10546875
0 0.6265625 0.5546875 0.05625 0.19140625
0 0.5015625 0.458984375 0.01875 0.05859375
0 0.4828125 0.4619140625 0.021875 0.060546875
0 0.46640625 0.4599609375 0.0203125 0.056640625
2 0.0890625 0.619140625 0.18125 0.3046875
2 0.21796875 0.5751953125 0.1234375 0.154296875
2 0.278125 0.5126953125 0.121875 0.154296875
2 0.3578125 0.505859375 0.06875 0.1015625
2 0.42265625 0.4775390625 0.0546875 0.060546875
2 0.740625 0.46875 0.040625 0.046875
0 0.7 0.46484375 0.01875 0.0390625
2 0.89609375 0.498046875 0.1078125 0.08984375
2 0.39765625 0.5 0.0421875 0.078125
