2 0.1234375 0.4697265625 0.13125 0.087890625
2 0.04453125 0.4482421875 0.0859375 0.091796875
2 0.23359375 0.5009765625 0.1578125 0.115234375
2 0.31015625 0.48046875 0.0734375 0.0859375
2 0.3625 0.48046875 0.059375 0.0859375
2 0.4109375 0.466796875 0.05625 0.05859375
2 0.52578125 0.5498046875 0.2015625 0.189453125
2 0.64375 0.4921875 0.053125 0.08203125
2 0.69765625 0.5087890625 0.1046875 0.134765625
2 0.8171875 0.548828125 0.26875 0.25390625
2 0.634375 0.4765625 0.05625 0.08203125
2 0.4625 0.453125 0.034375 0.0390625
2 0.4484375 0.462890625 0.034375 0.046875
2 0.7015625 0.5302734375 0.0875 0.130859375
2 0.03359375 0.5625 0.0703125 0.15625
