2 0.61484375 0.4638671875 0.0828125 0.083984375
2 0.56328125 0.4482421875 0.0359375 0.072265625
2 0.540625 0.451171875 0.021875 0.0546875
2 0.5265625 0.4462890625 0.021875 0.041015625
2 0.509375 0.443359375 0.01875 0.03125
2 0.49375 0.4404296875 0.01875 0.017578125
2 0.4609375 0.453125 0.025 0.046875
0 0.434375 0.4755859375 0.03125 0.150390625
1 0.475 0.5107421875 0.040625 0.064453125
1 0.396875 0.509765625 0.046875 0.0625
2 0.34296875 0.458984375 0.0515625 0.07421875
2 0.2765625 0.4697265625 0.1 0.091796875
2 0.4109375 0.4326171875 0.025 0.056640625
