0 0.43359375 0.400390625 0.0453125 0.16015625
2 0.78125 0.431640625 0.303125 0.25390625
2 0.61953125 0.455078125 0.0421875 0.09375
2 0.57109375 0.416015625 0.0921875 0.09765625
2 0.0484375 0.4453125 0.1 0.1171875
2 0.12734375 0.42578125 0.1109375 0.11328125
2 0.196875 0.4228515625 0.04375 0.087890625
2 0.284375 0.419921875 0.046875 0.04296875
2 0.31015625 0.4150390625 0.0296875 0.041015625
2 0.34375 0.412109375 0.015625 0.03125
2 0.521875 0.423828125 0.021875 0.0546875
2 0.5078125 0.419921875 0.021875 0.046875
2 0.48984375 0.4189453125 0.0203125 0.037109375
2 0.4765625 0.4140625 0.01875 0.03515625
2 0.4609375 0.4111328125 0.0125 0.025390625
2 0.39140625 0.4091796875 0.0203125 0.025390625
2 0.37578125 0.4111328125 0.0203125 0.029296875
2 0.35625 0.412109375 0.015625 0.02734375
2 0.3328125 0.4169921875 0.01875 0.037109375
