2 0.81875 0.5283203125 0.353125 0.275390625
2 0.5796875 0.4931640625 0.0625 0.060546875
2 0.465625 0.4970703125 0.03125 0.037109375
2 0.4359375 0.505859375 0.021875 0.02734375
2 0.4171875 0.505859375 0.021875 0.02734375
2 0.39921875 0.5048828125 0.0234375 0.044921875
2 0.3765625 0.4990234375 0.03125 0.052734375
2 0.35078125 0.5029296875 0.0265625 0.041015625
2 0.3046875 0.501953125 0.0625 0.06640625
2 0.2140625 0.5029296875 0.121875 0.115234375
0 0.1265625 0.5 0.021875 0.08984375
0 0.01015625 0.50390625 0.0234375 0.08203125
2 0.50703125 0.505859375 0.0234375 0.02734375
