0 0.32734375 0.6171875 0.0859375 0.26171875
0 0.1015625 0.6044921875 0.075 0.224609375
2 0.13203125 0.5498046875 0.1984375 0.169921875
2 0.22421875 0.525390625 0.1078125 0.1484375
2 0.371875 0.4755859375 0.0375 0.064453125
2 0.3203125 0.4560546875 0.075 0.052734375
2 0.41953125 0.451171875 0.0484375 0.04296875
2 0.56796875 0.4560546875 0.0453125 0.044921875
2 0.61640625 0.51171875 0.0734375 0.08203125
2 0.6984375 0.525390625 0.125 0.12109375
2 0.7421875 0.572265625 0.178125 0.15625
2 0.88203125 0.6591796875 0.2296875 0.251953125
2 0.45 0.4443359375 0.028125 0.029296875
2 0.46015625 0.4404296875 0.0296875 0.033203125
2 0.4890625 0.4404296875 0.01875 0.025390625
2 0.73515625 0.435546875 0.1046875 0.0390625
2 0.66953125 0.4384765625 0.0328125 0.044921875
2 0.28203125 0.505859375 0.0515625 0.109375
2 0.503125 0.4375 0.01875 0.02734375
2 0.84296875 0.4482421875 0.0484375 0.025390625
1 0.34453125 0.7041015625 0.0421875 0.146484375
1 0.08828125 0.6787109375 0.0484375 0.158203125
