0 0.0078125 0.4541015625 0.01875 0.099609375
0 0.63828125 0.4912109375 0.0265625 0.115234375
0 0.6671875 0.490234375 0.028125 0.09765625
0 0.9703125 0.5068359375 0.046875 0.107421875
0 0.8859375 0.50390625 0.034375 0.12109375
2 0.5921875 0.47265625 0.0375 0.03515625
0 0.303125 0.4658203125 0.021875 0.052734375
0 0.2875 0.4619140625 0.021875 0.056640625
0 0.27265625 0.4609375 0.0234375 0.05859375
2 0.50703125 0.45703125 0.0203125 0.01953125
2 0.52421875 0.458984375 0.0265625 0.03125
0 0.71796875 0.4697265625 0.0234375 0.052734375
0 0.75234375 0.4873046875 0.0265625 0.091796875
0 0.78125 0.486328125 0.025 0.078125
0 0.796875 0.4736328125 0.021875 0.052734375
0 0.8109375 0.470703125 0.021875 0.046875
1 0.81640625 0.51171875 0.0296875 0.04296875
