2 0.55 0.4794921875 0.075 0.087890625
1 0.01640625 0.5576171875 0.0328125 0.076171875
1 0.06640625 0.5400390625 0.0328125 0.083984375
1 0.159375 0.5556640625 0.065625 0.095703125
1 0.29375 0.5068359375 0.021875 0.060546875
1 0.21484375 0.52734375 0.0328125 0.06640625
0 0.02734375 0.4970703125 0.0515625 0.146484375
0 0.07890625 0.49609375 0.0484375 0.1328125
0 0.15859375 0.484375 0.0578125 0.17578125
0 0.22578125 0.48046875 0.0484375 0.12109375
0 0.290625 0.4599609375 0.028125 0.060546875
0 0.3546875 0.4560546875 0.028125 0.033203125
2 0.5078125 0.4765625 0.021875 0.046875
2 0.4953125 0.474609375 0.025 0.04296875
0 0.325 0.4697265625 0.025 0.060546875
1 0.3265625 0.4912109375 0.01875 0.037109375
2 0.3984375 0.4716796875 0.03125 0.029296875
