2 0.4125 0.45703125 0.0875 0.1015625
2 0.65390625 0.4638671875 0.0703125 0.068359375
0 0.3125 0.4638671875 0.0375 0.076171875
0 0.4921875 0.466796875 0.05 0.12109375
0 0.56875 0.4658203125 0.046875 0.123046875
0 0.60234375 0.4677734375 0.0296875 0.091796875
0 0.6265625 0.4755859375 0.021875 0.064453125
0 0.809375 0.4912109375 0.0375 0.107421875
0 0.9078125 0.486328125 0.078125 0.203125
0 0.9484375 0.46484375 0.05 0.08203125
0 0.84375 0.474609375 0.0375 0.078125
2 0.7265625 0.44921875 0.0375 0.046875
