3 0.69609375 0.5302734375 0.0421875 0.044921875
3 0.7671875 0.5361328125 0.03125 0.037109375
0 0.815625 0.50390625 0.046875 0.09375
0 0.67265625 0.49609375 0.0359375 0.1015625
0 0.28203125 0.447265625 0.0234375 0.0625
0 0.2140625 0.4521484375 0.01875 0.056640625
0 0.19921875 0.453125 0.0203125 0.05859375
0 0.2390625 0.447265625 0.01875 0.0625
2 0.4171875 0.4833984375 0.078125 0.083984375
2 0.40078125 0.4658203125 0.0734375 0.076171875
2 0.16171875 0.458984375 0.0515625 0.0546875
2 0.11796875 0.484375 0.0765625 0.06640625
2 0.36171875 0.4541015625 0.0296875 0.041015625
2 0.0765625 0.455078125 0.03125 0.0546875
2 0.05 0.453125 0.01875 0.0546875
2 0.025 0.4599609375 0.05 0.064453125
