2 0.95078125 0.80859375 0.0921875 0.328125
2 0.87421875 0.6669921875 0.2359375 0.263671875
2 0.69609375 0.53515625 0.1515625 0.1640625
2 0.60390625 0.4814453125 0.0484375 0.060546875
2 0.5234375 0.4501953125 0.04375 0.037109375
2 0.403125 0.4609375 0.040625 0.0546875
2 0.3078125 0.4892578125 0.103125 0.115234375
2 0.24921875 0.52734375 0.1171875 0.12890625
2 0.15 0.5771484375 0.146875 0.166015625
2 0.05859375 0.626953125 0.1203125 0.2109375
0 0.56171875 0.4755859375 0.0203125 0.072265625
0 0.54921875 0.46875 0.0203125 0.0703125
2 0.07265625 0.45703125 0.0671875 0.03515625
2 0.38515625 0.474609375 0.0265625 0.05859375
2 0.371875 0.482421875 0.028125 0.0625
2 0.36015625 0.4921875 0.0296875 0.07421875
2 0.42890625 0.458984375 0.0265625 0.0390625
2 0.44140625 0.4453125 0.0265625 0.03125
2 0.165625 0.4521484375 0.05 0.033203125
