0 0.53125 0.4609375 0.021875 0.08203125
0 0.5171875 0.4453125 0.01875 0.05078125
2 0.84375 0.53125 0.059375 0.12890625
2 0.66640625 0.4599609375 0.0484375 0.056640625
2 0.4953125 0.43359375 0.034375 0.0390625
2 0.078125 0.4873046875 0.128125 0.072265625
2 0.3234375 0.4697265625 0.04375 0.060546875
2 0.2921875 0.48828125 0.08125 0.07421875
2 0.165625 0.53125 0.15625 0.12890625
2 0.95078125 0.5205078125 0.0921875 0.138671875
2 0.73984375 0.4794921875 0.0984375 0.095703125
2 0.378125 0.44921875 0.034375 0.046875
2 0.4 0.4326171875 0.025 0.037109375
