2 0.80859375 0.4609375 0.0640625 0.0625
2 0.9203125 0.443359375 0.140625 0.125
2 0.94609375 0.4931640625 0.0859375 0.107421875
2 0.6890625 0.5615234375 0.48125 0.228515625
0 0.66484375 0.4306640625 0.0328125 0.044921875
0 0.1578125 0.48828125 0.021875 0.0625
0 0.13515625 0.4892578125 0.0203125 0.064453125
0 0.55234375 0.4560546875 0.0203125 0.041015625
0 0.58046875 0.4541015625 0.0234375 0.052734375
0 0.6859375 0.4306640625 0.028125 0.037109375
2 0.45546875 0.458984375 0.0359375 0.02734375
0 0.37578125 0.4609375 0.0109375 0.03125
0 0.3703125 0.462890625 0.009375 0.03125
0 0.12578125 0.4853515625 0.0234375 0.033203125
0 0.1109375 0.49609375 0.028125 0.05078125
