0 0.740625 0.513671875 0.084375 0.24609375
2 0.79140625 0.4970703125 0.0421875 0.119140625
2 0.903125 0.5029296875 0.04375 0.103515625
0 0.8328125 0.513671875 0.065625 0.234375
0 0.87109375 0.5126953125 0.0359375 0.201171875
2 0.4171875 0.4794921875 0.078125 0.091796875
2 0.340625 0.4599609375 0.028125 0.033203125
2 0.3171875 0.474609375 0.040625 0.03515625
0 0.94296875 0.560546875 0.0359375 0.14453125
2 0.13984375 0.4775390625 0.0546875 0.052734375
2 0.03125 0.4833984375 0.065625 0.099609375
0 0.953125 0.5244140625 0.0375 0.193359375
0 0.96796875 0.55078125 0.0578125 0.19140625
