2 0.38515625 0.474609375 0.0484375 0.03515625
2 0.45 0.4775390625 0.05 0.052734375
2 0.4875 0.458984375 0.034375 0.02734375
0 0.8859375 0.5087890625 0.0375 0.150390625
0 0.8359375 0.5498046875 0.084375 0.283203125
0 0.79375 0.5029296875 0.0375 0.146484375
0 0.03359375 0.4873046875 0.0296875 0.099609375
0 0.7234375 0.47265625 0.021875 0.0546875
0 0.68125 0.4658203125 0.015625 0.052734375
0 0.23203125 0.4697265625 0.0203125 0.060546875
0 0.21328125 0.46875 0.0234375 0.05859375
0 0.5328125 0.4541015625 0.01875 0.037109375
0 0.69375 0.46484375 0.015625 0.0546875
0 0.2875 0.4501953125 0.021875 0.025390625
1 0.83828125 0.662109375 0.0640625 0.16796875
2 0.40859375 0.4658203125 0.0296875 0.037109375
