0 0.7359375 0.5087890625 0.025 0.091796875
1 0.65390625 0.5205078125 0.0203125 0.041015625
0 0.65234375 0.4912109375 0.0171875 0.029296875
0 0.5671875 0.4970703125 0.01875 0.044921875
2 0.55234375 0.5 0.0203125 0.03125
2 0.38515625 0.478515625 0.0421875 0.03125
2 0.35546875 0.48828125 0.0234375 0.02734375
2 0.31328125 0.48046875 0.0421875 0.03125
2 0.21875 0.484375 0.046875 0.02734375
2 0.1375 0.509765625 0.11875 0.08984375
2 0.271875 0.4814453125 0.0375 0.029296875
2 0.04140625 0.5107421875 0.0828125 0.091796875
