0 0.10859375 0.5732421875 0.0703125 0.224609375
0 0.29453125 0.474609375 0.0234375 0.0625
0 0.95 0.484375 0.028125 0.0625
0 0.7796875 0.474609375 0.028125 0.03515625
1 0.6515625 0.5244140625 0.109375 0.076171875
2 0.61328125 0.4951171875 0.0828125 0.095703125
2 0.57109375 0.484375 0.0328125 0.05859375
2 0.56015625 0.46875 0.0296875 0.05078125
2 0.53046875 0.447265625 0.0359375 0.0390625
2 0.4625 0.458984375 0.0375 0.03515625
2 0.3953125 0.458984375 0.046875 0.04296875
1 0.7328125 0.5322265625 0.034375 0.087890625
