2 0.2140625 0.490234375 0.06875 0.09375
2 0.284375 0.484375 0.06875 0.07421875
2 0.46953125 0.453125 0.0328125 0.03125
2 0.846875 0.51171875 0.178125 0.15625
2 0.9421875 0.5634765625 0.109375 0.181640625
0 0.346875 0.466796875 0.028125 0.06640625
0 0.3796875 0.466796875 0.028125 0.06640625
0 0.684375 0.5 0.025 0.1328125
0 0.746875 0.498046875 0.03125 0.12109375
1 0.35078125 0.486328125 0.0234375 0.04296875
1 0.3828125 0.486328125 0.021875 0.0546875
2 0.603125 0.451171875 0.034375 0.04296875
2 0.11796875 0.505859375 0.1828125 0.15234375
2 0.3140625 0.4697265625 0.046875 0.068359375
2 0.65390625 0.4736328125 0.0515625 0.072265625
2 0.72421875 0.4951171875 0.0328125 0.072265625
2 0.57421875 0.4560546875 0.0234375 0.029296875
0 0.41953125 0.45703125 0.0140625 0.0390625
0 0.49140625 0.451171875 0.0109375 0.02734375
0 0.503125 0.451171875 0.0125 0.02734375
