2 0.07890625 0.6015625 0.1609375 0.171875
2 0.1796875 0.54296875 0.11875 0.12109375
2 0.25546875 0.5146484375 0.1046875 0.103515625
2 0.3078125 0.484375 0.071875 0.078125
2 0.37890625 0.45703125 0.0421875 0.0390625
2 0.64140625 0.52734375 0.1234375 0.1171875
2 0.57265625 0.4736328125 0.0640625 0.068359375
2 0.6125 0.4912109375 0.084375 0.087890625
2 0.3640625 0.4638671875 0.034375 0.041015625
2 0.4265625 0.4453125 0.025 0.0234375
2 0.47265625 0.435546875 0.0203125 0.0234375
2 0.53984375 0.462890625 0.0234375 0.046875
2 0.5125 0.44140625 0.021875 0.03515625
2 0.52421875 0.4482421875 0.0234375 0.033203125
0 0.453125 0.44140625 0.015625 0.03515625
0 0.48828125 0.4384765625 0.0171875 0.029296875
2 0.74453125 0.46875 0.0578125 0.0625
2 0.9640625 0.4619140625 0.065625 0.107421875
