2 0.7203125 0.466796875 0.11875 0.07421875
2 0.596875 0.5087890625 0.1 0.087890625
2 0.6296875 0.5244140625 0.115625 0.103515625
2 0.69765625 0.58203125 0.2046875 0.17578125
2 0.353125 0.46484375 0.040625 0.04296875
2 0.3296875 0.458984375 0.025 0.03515625
2 0.1328125 0.6416015625 0.26875 0.267578125
2 0.96015625 0.890625 0.0734375 0.2109375
2 0.20546875 0.478515625 0.0609375 0.0625
2 0.303125 0.4580078125 0.03125 0.044921875
0 0.27265625 0.4609375 0.0203125 0.05078125
0 0.259375 0.4599609375 0.01875 0.044921875
0 0.38515625 0.46875 0.0265625 0.05078125
1 0.3875 0.48046875 0.01875 0.03125
1 0.82421875 0.509765625 0.0328125 0.046875
