2 0.934375 0.5068359375 0.121875 0.154296875
2 0.71796875 0.466796875 0.0484375 0.0703125
2 0.64453125 0.4970703125 0.1109375 0.119140625
2 0.5921875 0.4765625 0.040625 0.0859375
2 0.5578125 0.4521484375 0.0375 0.041015625
2 0.51796875 0.451171875 0.0515625 0.05078125
2 0.434375 0.4541015625 0.0625 0.060546875
2 0.38828125 0.4541015625 0.0296875 0.044921875
2 0.3515625 0.4560546875 0.0625 0.072265625
2 0.3265625 0.470703125 0.04375 0.0703125
2 0.284375 0.4765625 0.059375 0.0859375
2 0.2140625 0.4833984375 0.128125 0.123046875
0 0.85625 0.5078125 0.0625 0.19140625
0 0.4703125 0.4423828125 0.0125 0.029296875
