2 0.06640625 0.623046875 0.1328125 0.203125
0 0.20234375 0.548828125 0.0484375 0.1328125
2 0.153125 0.5556640625 0.078125 0.146484375
2 0.2375 0.533203125 0.0625 0.09765625
2 0.26171875 0.505859375 0.1015625 0.125
2 0.3171875 0.4921875 0.05625 0.09375
2 0.34765625 0.48828125 0.0421875 0.06640625
2 0.3734375 0.470703125 0.040625 0.0625
2 0.5984375 0.4697265625 0.059375 0.064453125
2 0.6 0.5 0.034375 0.06640625
2 0.65 0.509765625 0.1 0.09765625
2 0.6828125 0.55078125 0.128125 0.12109375
2 0.7921875 0.60546875 0.23125 0.2109375
2 0.4265625 0.4462890625 0.025 0.041015625
2 0.4140625 0.4560546875 0.021875 0.041015625
2 0.4421875 0.4443359375 0.021875 0.033203125
2 0.54609375 0.4482421875 0.0359375 0.041015625
2 0.56640625 0.4609375 0.0421875 0.0546875
0 0.52578125 0.44921875 0.0203125 0.04296875
0 0.51015625 0.4443359375 0.0203125 0.041015625
