0 0.9421875 0.40625 0.009375 0.04296875
0 0.93203125 0.41015625 0.0109375 0.0546875
0 0.8921875 0.4140625 0.0125 0.046875
0 0.8796875 0.4052734375 0.009375 0.029296875
0 0.86171875 0.4189453125 0.0078125 0.044921875
0 0.83828125 0.4169921875 0.0109375 0.044921875
0 0.8265625 0.419921875 0.0125 0.04296875
0 0.784375 0.3935546875 0.009375 0.025390625
0 0.778125 0.39453125 0.009375 0.02734375
0 0.7984375 0.427734375 0.015625 0.0546875
0 0.784375 0.4326171875 0.0125 0.056640625
0 0.759375 0.3935546875 0.009375 0.025390625
0 0.75 0.40625 0.0125 0.05078125
0 0.73359375 0.3994140625 0.0109375 0.041015625
0 0.725 0.40625 0.009375 0.02734375
0 0.70859375 0.39453125 0.0109375 0.03515625
0 0.8328125 0.4892578125 0.03125 0.099609375
0 0.71875 0.423828125 0.009375 0.015625
0 0.73046875 0.4775390625 0.0234375 0.091796875
0 0.69453125 0.4560546875 0.0140625 0.060546875
0 0.70703125 0.482421875 0.0171875 0.0859375
0 0.6796875 0.431640625 0.0125 0.01953125
0 0.6765625 0.466796875 0.01875 0.078125
0 0.65625 0.466796875 0.021875 0.078125
0 0.64375 0.4287109375 0.009375 0.025390625
0 0.634375 0.4716796875 0.01875 0.056640625
0 0.61953125 0.4267578125 0.0109375 0.021484375
0 0.61953125 0.4599609375 0.0140625 0.048828125
0 0.6015625 0.451171875 0.01875 0.0625
0 0.5859375 0.4150390625 0.009375 0.037109375
0 0.57265625 0.4248046875 0.0140625 0.048828125
0 0.56015625 0.4296875 0.0140625 0.04296875
0 0.5515625 0.42578125 0.0125 0.04296875
0 0.5375 0.4306640625 0.0125 0.037109375
2 0.46328125 0.41796875 0.0296875 0.02734375
2 0.47421875 0.43359375 0.0359375 0.0390625
2 0.4984375 0.439453125 0.046875 0.03515625
2 0.425 0.404296875 0.015625 0.015625
2 0.396875 0.4130859375 0.01875 0.025390625
2 0.43203125 0.4384765625 0.0578125 0.056640625
2 0.371875 0.4365234375 0.05 0.044921875
2 0.34921875 0.4560546875 0.0609375 0.060546875
2 0.50390625 0.5126953125 0.1078125 0.111328125
2 0.41796875 0.4765625 0.0703125 0.07421875
2 0.30234375 0.4599609375 0.0296875 0.052734375
2 0.271875 0.458984375 0.05 0.04296875
2 0.24453125 0.5107421875 0.1171875 0.099609375
0 0.16328125 0.4609375 0.0078125 0.0625
0 0.1484375 0.470703125 0.015625 0.06640625
0 0.14375 0.451171875 0.009375 0.03515625
2 0.06875 0.5693359375 0.140625 0.275390625
0 0.965625 0.41015625 0.015625 0.05859375
