2 0.96875 0.6005859375 0.05625 0.150390625
2 0.90078125 0.5439453125 0.1921875 0.224609375
3 0.7796875 0.62109375 0.05 0.0859375
2 0.81953125 0.501953125 0.2140625 0.171875
0 0.70390625 0.541015625 0.0671875 0.25
2 0.65078125 0.509765625 0.0640625 0.1796875
0 0.5984375 0.5234375 0.05625 0.19921875
2 0.5578125 0.51953125 0.034375 0.08203125
2 0.52421875 0.5107421875 0.0453125 0.083984375
2 0.490625 0.494140625 0.03125 0.0546875
2 0.46796875 0.4814453125 0.0234375 0.037109375
2 0.378125 0.5185546875 0.196875 0.248046875
2 0.27421875 0.4814453125 0.0265625 0.037109375
2 0.26015625 0.51953125 0.0453125 0.09375
2 0.1328125 0.5009765625 0.26875 0.173828125
2 0.090625 0.533203125 0.184375 0.16015625
2 0.0453125 0.578125 0.09375 0.16015625
