0 0.65390625 0.4912109375 0.0328125 0.134765625
0 0.68125 0.4716796875 0.01875 0.060546875
0 0.825 0.5078125 0.04375 0.08984375
0 0.334375 0.4541015625 0.021875 0.060546875
0 0.353125 0.453125 0.01875 0.05859375
2 0.43984375 0.458984375 0.0203125 0.03125
2 0.5046875 0.45703125 0.028125 0.02734375
2 0.46875 0.466796875 0.05 0.05078125
2 0.1734375 0.5009765625 0.115625 0.087890625
2 0.0625 0.4970703125 0.128125 0.185546875
2 0.1859375 0.4521484375 0.059375 0.033203125
2 0.22265625 0.45703125 0.0328125 0.0390625
2 0.24765625 0.4560546875 0.0359375 0.037109375
1 0.65703125 0.52734375 0.0203125 0.078125
1 0.88203125 0.572265625 0.0515625 0.11328125
1 0.93515625 0.576171875 0.0484375 0.12109375
