2 0.92578125 0.552734375 0.1390625 0.2265625
2 0.77734375 0.5166015625 0.2046875 0.158203125
2 0.6453125 0.4775390625 0.103125 0.103515625
2 0.56953125 0.484375 0.0484375 0.0546875
2 0.52109375 0.46875 0.0359375 0.03515625
2 0.46796875 0.4658203125 0.0265625 0.029296875
2 0.4359375 0.46484375 0.021875 0.02734375
2 0.415625 0.4658203125 0.01875 0.029296875
2 0.4015625 0.4697265625 0.01875 0.029296875
2 0.38125 0.4677734375 0.025 0.033203125
2 0.35625 0.4716796875 0.025 0.029296875
2 0.3109375 0.4658203125 0.046875 0.056640625
