0 0.78984375 0.51953125 0.0515625 0.1171875
0 0.76953125 0.5830078125 0.0546875 0.177734375
0 0.72265625 0.5732421875 0.0546875 0.212890625
2 0.17109375 0.466796875 0.1546875 0.05078125
2 0.25234375 0.4443359375 0.0796875 0.044921875
2 0.346875 0.50390625 0.1 0.1328125
2 0.2859375 0.537109375 0.1125 0.13671875
2 0.19609375 0.580078125 0.1703125 0.171875
2 0.08671875 0.6806640625 0.1734375 0.306640625
2 0.02265625 0.455078125 0.0484375 0.0625
2 0.425 0.4716796875 0.05 0.056640625
2 0.4625 0.458984375 0.03125 0.04296875
2 0.5578125 0.4482421875 0.034375 0.041015625
2 0.6265625 0.4658203125 0.046875 0.052734375
2 0.925 0.689453125 0.134375 0.265625
2 0.875 0.5859375 0.171875 0.1875
