2 0.50234375 0.51171875 0.0578125 0.06640625
2 0.4953125 0.53125 0.059375 0.0859375
2 0.40859375 0.5048828125 0.0296875 0.037109375
2 0.309375 0.53125 0.10625 0.09765625
0 0.57734375 0.517578125 0.0234375 0.06640625
2 0.45546875 0.5537109375 0.1359375 0.134765625
0 0.653125 0.509765625 0.025 0.06640625
0 0.759375 0.4912109375 0.01875 0.033203125
0 0.8140625 0.5361328125 0.028125 0.068359375
0 0.81640625 0.546875 0.0265625 0.03515625
0 0.909375 0.5107421875 0.021875 0.068359375
0 0.88046875 0.5048828125 0.0265625 0.083984375
0 0.37265625 0.5 0.0140625 0.046875
