0 0.86875 0.5234375 0.028125 0.07421875
0 0.83828125 0.51171875 0.0296875 0.08203125
3 0.81640625 0.5390625 0.0265625 0.03515625
2 0.96953125 0.6845703125 0.0546875 0.115234375
2 0.61953125 0.494140625 0.0578125 0.0546875
2 0.60625 0.482421875 0.05 0.05078125
2 0.39296875 0.47265625 0.0484375 0.04296875
2 0.32890625 0.447265625 0.0328125 0.04296875
2 0.26953125 0.4296875 0.0484375 0.02734375
2 0.26015625 0.5732421875 0.2296875 0.259765625
2 0.1484375 0.734375 0.3 0.3984375
2 0.08046875 0.4853515625 0.1609375 0.091796875
2 0.4109375 0.45703125 0.0375 0.046875
2 0.56171875 0.466796875 0.0234375 0.03125
2 0.5765625 0.474609375 0.025 0.03515625
