2 0.89609375 0.5771484375 0.2015625 0.369140625
2 0.76640625 0.533203125 0.2734375 0.25
2 0.62578125 0.5048828125 0.1234375 0.158203125
2 0.57421875 0.48828125 0.0703125 0.11328125
2 0.53515625 0.4775390625 0.0546875 0.095703125
2 0.47421875 0.4599609375 0.0328125 0.037109375
2 0.459375 0.44921875 0.01875 0.0234375
2 0.44609375 0.4423828125 0.0171875 0.021484375
2 0.40703125 0.435546875 0.0171875 0.0234375
2 0.3859375 0.453125 0.028125 0.03125
2 0.3578125 0.4521484375 0.028125 0.029296875
2 0.1453125 0.5234375 0.259375 0.22265625
