0 0.92421875 0.5361328125 0.0359375 0.150390625
0 0.96796875 0.53515625 0.0421875 0.1484375
0 0.8390625 0.5205078125 0.03125 0.095703125
0 0.8015625 0.5234375 0.021875 0.08984375
0 0.77890625 0.5146484375 0.0234375 0.087890625
0 0.75703125 0.517578125 0.0265625 0.08203125
0 0.8640625 0.5185546875 0.028125 0.099609375
0 0.71484375 0.5048828125 0.0328125 0.087890625
0 0.678125 0.5068359375 0.03125 0.087890625
0 0.565625 0.5009765625 0.03125 0.068359375
0 0.346875 0.49609375 0.021875 0.0546875
2 0.48125 0.5595703125 0.15 0.146484375
