2 0.928125 0.5078125 0.04375 0.09765625
2 0.41875 0.4873046875 0.0625 0.072265625
2 0.4015625 0.4697265625 0.0625 0.068359375
2 0.18203125 0.4609375 0.0484375 0.0546875
2 0.15390625 0.4775390625 0.0671875 0.064453125
0 0.73671875 0.509765625 0.0515625 0.08203125
0 0.6703125 0.5009765625 0.034375 0.095703125
3 0.6609375 0.5263671875 0.034375 0.033203125
0 0.275 0.4423828125 0.01875 0.044921875
0 0.25625 0.4521484375 0.01875 0.052734375
0 0.22265625 0.45703125 0.0234375 0.0546875
2 0.9796875 0.5087890625 0.034375 0.099609375
2 0.08828125 0.453125 0.0296875 0.05078125
2 0.05546875 0.4560546875 0.0546875 0.068359375
