2 0.93046875 0.6455078125 0.1328125 0.353515625
2 0.44921875 0.4716796875 0.0921875 0.068359375
2 0.396875 0.4580078125 0.015625 0.056640625
2 0.46796875 0.458984375 0.0609375 0.078125
2 0.50078125 0.451171875 0.0359375 0.0625
0 0.0484375 0.505859375 0.1 0.23046875
0 0.2046875 0.4619140625 0.021875 0.076171875
0 0.225 0.455078125 0.021875 0.08203125
0 0.8953125 0.4560546875 0.034375 0.087890625
0 0.93046875 0.4443359375 0.0390625 0.099609375
1 0.64453125 0.474609375 0.0140625 0.03515625
1 0.609375 0.474609375 0.015625 0.0390625
1 0.33515625 0.5107421875 0.0953125 0.056640625
0 0.703125 0.45703125 0.015625 0.04296875
0 0.6421875 0.44140625 0.01875 0.0390625
0 0.6078125 0.435546875 0.021875 0.04296875
2 0.371875 0.4609375 0.0375 0.0703125
0 0.33671875 0.44921875 0.0453125 0.0703125
0 0.296875 0.453125 0.01875 0.05078125
0 0.18515625 0.4296875 0.0203125 0.04296875
0 0.77421875 0.4326171875 0.0171875 0.037109375
