2 0.0765625 0.5654296875 0.146875 0.197265625
2 0.19765625 0.541015625 0.1453125 0.140625
2 0.321875 0.521484375 0.0875 0.0859375
2 0.378125 0.509765625 0.053125 0.0625
2 0.64375 0.5390625 0.0625 0.08984375
2 0.703125 0.5595703125 0.10625 0.107421875
2 0.86640625 0.5986328125 0.2484375 0.283203125
2 0.92890625 0.6884765625 0.1265625 0.314453125
0 0.59375 0.521484375 0.034375 0.09375
0 0.51875 0.513671875 0.03125 0.1015625
1 0.59765625 0.5517578125 0.0234375 0.060546875
1 0.51640625 0.544921875 0.0234375 0.05859375
2 0.4125 0.5078125 0.034375 0.04296875
2 0.43046875 0.5009765625 0.0328125 0.044921875
2 0.45625 0.49609375 0.028125 0.03515625
