1 0.790625 0.576171875 0.075 0.1328125
1 0.6953125 0.58984375 0.0875 0.08984375
1 0.48125 0.5517578125 0.059375 0.115234375
1 0.409375 0.560546875 0.053125 0.0703125
1 0.24453125 0.5498046875 0.0328125 0.064453125
1 0.16796875 0.5380859375 0.0234375 0.076171875
1 0.19375 0.5205078125 0.025 0.056640625
1 0.27890625 0.513671875 0.0265625 0.05859375
2 0.54921875 0.4765625 0.0828125 0.08203125
2 0.35625 0.4716796875 0.046875 0.041015625
2 0.040625 0.4990234375 0.084375 0.115234375
0 0.75546875 0.501953125 0.0734375 0.21875
0 0.44375 0.5078125 0.053125 0.16796875
0 0.2390625 0.4921875 0.046875 0.140625
0 0.16640625 0.4814453125 0.0328125 0.119140625
0 0.2796875 0.4677734375 0.028125 0.103515625
0 0.14296875 0.4833984375 0.0203125 0.056640625
2 0.38984375 0.4677734375 0.0265625 0.033203125
2 0.50703125 0.4794921875 0.0234375 0.044921875
2 0.50078125 0.47265625 0.0296875 0.04296875
