2 0.9171875 0.5927734375 0.159375 0.212890625
2 0.78671875 0.5830078125 0.1421875 0.107421875
2 0.6875 0.5693359375 0.0625 0.080078125
2 0.646875 0.5654296875 0.021875 0.060546875
2 0.63046875 0.5625 0.0203125 0.05859375
2 0.609375 0.5576171875 0.028125 0.056640625
2 0.565625 0.5390625 0.0375 0.0390625
2 0.5375 0.533203125 0.025 0.03515625
2 0.421875 0.52734375 0.0375 0.03515625
2 0.409375 0.5439453125 0.028125 0.044921875
2 0.35859375 0.5517578125 0.0765625 0.087890625
2 0.1109375 0.609375 0.225 0.21875
