2 0.05546875 0.5234375 0.1109375 0.1640625
2 0.16484375 0.5087890625 0.1015625 0.087890625
2 0.225 0.498046875 0.05625 0.06640625
2 0.509375 0.474609375 0.046875 0.06640625
2 0.5578125 0.486328125 0.0875 0.10546875
2 0.6296875 0.515625 0.146875 0.13671875
2 0.83203125 0.54296875 0.3296875 0.30078125
2 0.446875 0.470703125 0.028125 0.02734375
2 0.33515625 0.46875 0.0296875 0.02734375
2 0.24609375 0.484375 0.0546875 0.0703125
2 0.2734375 0.4833984375 0.028125 0.056640625
2 0.484375 0.4755859375 0.028125 0.060546875
2 0.384375 0.470703125 0.028125 0.0234375
