2 0.16796875 0.55078125 0.1765625 0.1484375
2 0.315625 0.4921875 0.0875 0.08203125
2 0.36171875 0.470703125 0.0359375 0.05859375
2 0.5515625 0.453125 0.04375 0.06640625
2 0.628125 0.47265625 0.09375 0.10546875
2 0.71875 0.525390625 0.159375 0.14453125
2 0.78515625 0.5986328125 0.2171875 0.197265625
2 0.8859375 0.73828125 0.21875 0.36328125
2 0.078125 0.470703125 0.13125 0.078125
0 0.02265625 0.6572265625 0.0453125 0.314453125
0 0.49765625 0.4541015625 0.0203125 0.068359375
2 0.16875 0.4560546875 0.059375 0.037109375
2 0.38203125 0.4638671875 0.0265625 0.052734375
2 0.39375 0.4501953125 0.04375 0.056640625
2 0.42109375 0.447265625 0.0203125 0.03515625
2 0.43125 0.443359375 0.021875 0.03515625
0 0.45 0.4501953125 0.021875 0.072265625
0 0.53359375 0.4580078125 0.0265625 0.056640625
