2 0.3140625 0.4658203125 0.084375 0.083984375
2 0.365625 0.466796875 0.03125 0.05078125
2 0.45625 0.4609375 0.06875 0.05859375
0 0.8265625 0.4794921875 0.05 0.115234375
2 0.5078125 0.45703125 0.03125 0.04296875
2 0.525 0.4482421875 0.025 0.025390625
2 0.5375 0.4453125 0.015625 0.0234375
0 0.61796875 0.4482421875 0.0140625 0.037109375
0 0.63359375 0.455078125 0.0203125 0.046875
0 0.6453125 0.4521484375 0.01875 0.052734375
0 0.6578125 0.455078125 0.01875 0.0546875
0 0.696875 0.458984375 0.01875 0.03515625
1 0.81796875 0.51953125 0.0953125 0.07421875
0 0.4140625 0.443359375 0.015625 0.04296875
