2 0.0359375 0.60546875 0.075 0.2265625
2 0.19921875 0.54296875 0.1453125 0.125
2 0.5890625 0.4853515625 0.05625 0.068359375
2 0.6296875 0.50390625 0.075 0.078125
2 0.67578125 0.5263671875 0.1234375 0.119140625
2 0.88046875 0.7275390625 0.2328125 0.310546875
2 0.35390625 0.474609375 0.0515625 0.0546875
2 0.37421875 0.466796875 0.0484375 0.0546875
2 0.5640625 0.4619140625 0.05 0.041015625
2 0.5390625 0.447265625 0.028125 0.03515625
2 0.4953125 0.4287109375 0.01875 0.025390625
2 0.446875 0.4462890625 0.021875 0.025390625
0 0.434375 0.4443359375 0.015625 0.037109375
0 0.41171875 0.44140625 0.0109375 0.03515625
2 0.08828125 0.47265625 0.0546875 0.0859375
