2 0.2234375 0.48046875 0.1375 0.0546875
2 0.3015625 0.4619140625 0.05 0.044921875
2 0.26875 0.451171875 0.078125 0.046875
2 0.3640625 0.4873046875 0.075 0.091796875
2 0.4203125 0.474609375 0.046875 0.04296875
2 0.33203125 0.5068359375 0.0734375 0.095703125
2 0.28359375 0.5302734375 0.1046875 0.107421875
2 0.215625 0.56640625 0.153125 0.1484375
2 0.11953125 0.62890625 0.1859375 0.22265625
2 0.02734375 0.6728515625 0.0578125 0.294921875
2 0.13046875 0.4609375 0.0859375 0.05078125
0 0.6734375 0.525390625 0.034375 0.14453125
0 0.6546875 0.5322265625 0.03125 0.126953125
0 0.62734375 0.525390625 0.0328125 0.13671875
2 0.78046875 0.5732421875 0.1734375 0.146484375
2 0.725 0.529296875 0.096875 0.1171875
2 0.59609375 0.458984375 0.0421875 0.046875
2 0.53828125 0.455078125 0.0328125 0.0390625
2 0.44765625 0.458984375 0.0296875 0.03515625
2 0.4734375 0.45703125 0.021875 0.03125
