0 0.10078125 0.5732421875 0.0609375 0.208984375
2 0.04296875 0.5810546875 0.0828125 0.193359375
2 0.13359375 0.546875 0.0546875 0.15234375
2 0.18515625 0.544921875 0.0921875 0.1171875
0 0.29921875 0.509765625 0.0359375 0.1171875
1 0.2984375 0.5322265625 0.034375 0.087890625
2 0.25234375 0.498046875 0.0671875 0.10546875
2 0.34609375 0.466796875 0.0515625 0.046875
2 0.646875 0.46484375 0.078125 0.0546875
2 0.8640625 0.4990234375 0.125 0.126953125
2 0.95546875 0.884765625 0.0828125 0.21484375
2 0.72421875 0.4873046875 0.0546875 0.064453125
2 0.97578125 0.4931640625 0.0421875 0.138671875
2 0.38046875 0.4541015625 0.0328125 0.037109375
2 0.40625 0.4482421875 0.028125 0.029296875
2 0.62578125 0.4453125 0.0703125 0.04296875
