0 0.68203125 0.5029296875 0.0234375 0.060546875
0 0.65703125 0.517578125 0.0234375 0.109375
2 0.8375 0.568359375 0.31875 0.265625
2 0.64453125 0.521484375 0.1546875 0.13671875
2 0.5953125 0.49609375 0.10625 0.1171875
2 0.53984375 0.4912109375 0.0296875 0.087890625
2 0.4953125 0.474609375 0.0375 0.05859375
2 0.45859375 0.4814453125 0.0515625 0.052734375
2 0.3640625 0.4833984375 0.065625 0.072265625
2 0.315625 0.4912109375 0.03125 0.052734375
2 0.27578125 0.4873046875 0.0515625 0.087890625
2 0.2125 0.5 0.109375 0.109375
2 0.01796875 0.5625 0.0390625 0.125
