0 0.02265625 0.4482421875 0.0484375 0.166015625
0 0.0546875 0.43359375 0.046875 0.140625
0 0.1578125 0.4462890625 0.04375 0.103515625
0 0.35546875 0.44921875 0.0515625 0.1015625
2 0.0921875 0.408203125 0.075 0.0625
2 0.21875 0.416015625 0.159375 0.09375
2 0.79296875 0.4345703125 0.0546875 0.064453125
2 0.96171875 0.4267578125 0.0609375 0.087890625
0 0.60703125 0.4306640625 0.0296875 0.083984375
0 0.56953125 0.4375 0.0296875 0.0703125
0 0.53671875 0.4423828125 0.0296875 0.076171875
0 0.496875 0.421875 0.0375 0.07421875
0 0.47421875 0.419921875 0.0265625 0.05859375
0 0.2390625 0.458984375 0.05 0.078125
1 0.24375 0.490234375 0.075 0.046875
1 0.31484375 0.4833984375 0.0359375 0.044921875
1 0.16015625 0.4970703125 0.0609375 0.052734375
1 0.065625 0.509765625 0.046875 0.05078125
1 0.42890625 0.466796875 0.0359375 0.046875
0 0.42734375 0.431640625 0.0265625 0.0546875
1 0.49140625 0.462890625 0.0421875 0.04296875
0 0.3875 0.4326171875 0.025 0.056640625
1 0.5671875 0.458984375 0.021875 0.0390625
