0 0.8390625 0.5478515625 0.103125 0.400390625
0 0.9375 0.6328125 0.11875 0.72265625
0 0.66171875 0.4658203125 0.0296875 0.087890625
0 0.63828125 0.46875 0.0265625 0.08984375
0 0.159375 0.490234375 0.025 0.06640625
0 0.1453125 0.4921875 0.01875 0.05859375
2 0.4234375 0.4599609375 0.025 0.025390625
2 0.7234375 0.453125 0.040625 0.06640625
0 0.5546875 0.455078125 0.021875 0.05078125
0 0.54140625 0.4521484375 0.0203125 0.052734375
0 0.375 0.462890625 0.021875 0.05078125
0 0.1234375 0.484375 0.025 0.03515625
