2 0.1078125 0.5380859375 0.2125 0.201171875
2 0.021875 0.55859375 0.046875 0.22265625
2 0.36015625 0.50390625 0.0953125 0.078125
2 0.403125 0.48046875 0.021875 0.03125
0 0.4234375 0.4931640625 0.021875 0.076171875
1 0.52265625 0.513671875 0.0421875 0.04296875
2 0.44609375 0.4892578125 0.0203125 0.052734375
2 0.46328125 0.484375 0.0359375 0.04296875
2 0.8921875 0.513671875 0.209375 0.20703125
2 0.78671875 0.5087890625 0.0578125 0.091796875
2 0.759375 0.501953125 0.06875 0.078125
2 0.72109375 0.490234375 0.0578125 0.05859375
2 0.18359375 0.4765625 0.1046875 0.09765625
2 0.684375 0.4892578125 0.021875 0.056640625
2 0.66328125 0.48046875 0.0296875 0.04296875
2 0.63828125 0.4765625 0.0265625 0.03515625
2 0.62265625 0.47265625 0.0203125 0.02734375
2 0.6 0.47265625 0.021875 0.02734375
0 0.5234375 0.4697265625 0.025 0.056640625
2 0.49453125 0.4794921875 0.0265625 0.037109375
