0 0.9453125 0.5048828125 0.040625 0.150390625
0 0.8953125 0.52734375 0.04375 0.15234375
0 0.97578125 0.4755859375 0.0203125 0.072265625
0 0.8578125 0.5224609375 0.034375 0.126953125
0 0.83828125 0.513671875 0.0234375 0.109375
0 0.81328125 0.521484375 0.0296875 0.1171875
0 0.78828125 0.513671875 0.0203125 0.11328125
0 0.7625 0.51953125 0.028125 0.10546875
0 0.746875 0.50390625 0.015625 0.078125
0 0.7109375 0.4951171875 0.015625 0.076171875
0 0.69375 0.4599609375 0.0125 0.044921875
0 0.675 0.4599609375 0.0125 0.041015625
0 0.659375 0.4873046875 0.015625 0.072265625
0 0.6359375 0.4921875 0.01875 0.06640625
0 0.61875 0.4794921875 0.015625 0.056640625
0 0.6046875 0.48046875 0.015625 0.05078125
0 0.55625 0.451171875 0.009375 0.03515625
2 0.496875 0.4580078125 0.0375 0.029296875
2 0.45 0.458984375 0.065625 0.03125
2 0.3984375 0.44921875 0.01875 0.03125
2 0.38046875 0.4609375 0.0296875 0.0390625
2 0.34765625 0.4833984375 0.0484375 0.056640625
2 0.29609375 0.486328125 0.0453125 0.05078125
2 0.40703125 0.529296875 0.0671875 0.1015625
2 0.48828125 0.5458984375 0.1421875 0.142578125
0 0.2515625 0.4931640625 0.015625 0.060546875
0 0.23828125 0.4912109375 0.0203125 0.060546875
0 0.209375 0.4794921875 0.015625 0.052734375
0 0.1859375 0.4833984375 0.0125 0.052734375
0 0.17265625 0.48828125 0.0171875 0.05859375
2 0.0515625 0.5087890625 0.10625 0.091796875
0 0.76171875 0.44921875 0.0140625 0.03515625
0 0.728125 0.46484375 0.015625 0.046875
0 0.740625 0.4658203125 0.015625 0.044921875
0 0.634375 0.447265625 0.015625 0.0234375
0 0.56640625 0.451171875 0.0109375 0.03125
