1 0.36484375 0.5322265625 0.0203125 0.072265625
0 0.3625 0.49609375 0.0375 0.1484375
0 0.421875 0.47265625 0.028125 0.125
0 0.7140625 0.4765625 0.046875 0.17578125
0 0.76640625 0.48046875 0.0515625 0.16796875
2 0.809375 0.4609375 0.065625 0.07421875
2 0.925 0.447265625 0.14375 0.1484375
2 0.95 0.486328125 0.09375 0.12890625
0 0.55078125 0.4560546875 0.0203125 0.044921875
0 0.60234375 0.4580078125 0.0203125 0.052734375
0 0.61796875 0.4580078125 0.0203125 0.060546875
0 0.6296875 0.458984375 0.01875 0.05859375
2 0.640625 0.4443359375 0.025 0.029296875
0 0.1703125 0.478515625 0.01875 0.04296875
0 0.12578125 0.486328125 0.0203125 0.03125
0 0.1125 0.4892578125 0.01875 0.052734375
