2 0.64765625 0.4599609375 0.0546875 0.052734375
2 0.74296875 0.470703125 0.0546875 0.0625
2 0.428125 0.4609375 0.053125 0.0546875
2 0.2140625 0.4580078125 0.1 0.083984375
2 0.1 0.44140625 0.115625 0.03125
1 0.515625 0.578125 0.121875 0.0625
0 0.51640625 0.533203125 0.0484375 0.140625
2 0.809375 0.470703125 0.04375 0.0859375
2 0.46640625 0.45703125 0.0296875 0.04296875
2 0.48828125 0.453125 0.0296875 0.0390625
2 0.51796875 0.4453125 0.0421875 0.0390625
2 0.54140625 0.443359375 0.0203125 0.03515625
2 0.5640625 0.4384765625 0.025 0.029296875
