2 0.80703125 0.4609375 0.0546875 0.078125
2 0.921875 0.4501953125 0.146875 0.146484375
2 0.95 0.4873046875 0.09375 0.119140625
0 0.6515625 0.466796875 0.03125 0.12109375
0 0.62890625 0.478515625 0.0234375 0.1015625
0 0.165625 0.4833984375 0.021875 0.056640625
2 0.725 0.4560546875 0.034375 0.052734375
0 0.609375 0.4580078125 0.015625 0.056640625
0 0.58984375 0.4541015625 0.0203125 0.052734375
0 0.37734375 0.4599609375 0.0140625 0.025390625
0 0.1265625 0.4892578125 0.01875 0.029296875
0 0.11171875 0.490234375 0.0203125 0.0546875
