0 0.6 0.5146484375 0.05625 0.169921875
0 0.56953125 0.5 0.0328125 0.10546875
0 0.39296875 0.48828125 0.0234375 0.08203125
0 0.371875 0.4853515625 0.028125 0.076171875
2 0.65625 0.5185546875 0.071875 0.107421875
2 0.7140625 0.54296875 0.11875 0.14453125
2 0.81484375 0.591796875 0.2703125 0.23046875
2 0.51484375 0.474609375 0.0453125 0.03125
2 0.27421875 0.509765625 0.0734375 0.09765625
2 0.1859375 0.5146484375 0.125 0.138671875
2 0.32578125 0.5009765625 0.0578125 0.072265625
2 0.08359375 0.556640625 0.1671875 0.1796875
2 0.54140625 0.474609375 0.0203125 0.0234375
2 0.4171875 0.466796875 0.040625 0.0390625
