1 0.584375 0.4873046875 0.090625 0.052734375
2 0.5765625 0.4462890625 0.053125 0.033203125
2 0.4703125 0.4619140625 0.05625 0.064453125
2 0.4234375 0.4404296875 0.0375 0.033203125
0 0.9828125 0.5205078125 0.025 0.138671875
0 0.85625 0.4794921875 0.028125 0.052734375
0 0.790625 0.451171875 0.034375 0.0390625
0 0.71328125 0.4970703125 0.0421875 0.119140625
0 0.75703125 0.6806640625 0.1015625 0.373046875
0 0.3421875 0.4560546875 0.01875 0.041015625
2 0.515625 0.44140625 0.025 0.04296875
0 0.50390625 0.4462890625 0.0203125 0.041015625
