2 0.03515625 0.5771484375 0.0734375 0.220703125
2 0.2359375 0.5234375 0.15 0.12109375
2 0.32265625 0.494140625 0.0796875 0.1015625
2 0.38125 0.4892578125 0.046875 0.041015625
2 0.4015625 0.482421875 0.05 0.046875
2 0.63828125 0.5048828125 0.0921875 0.103515625
2 0.68125 0.5263671875 0.103125 0.103515625
2 0.815625 0.59375 0.240625 0.1953125
1 0.69453125 0.5556640625 0.0828125 0.095703125
1 0.58125 0.5380859375 0.025 0.068359375
1 0.51796875 0.525390625 0.0234375 0.0703125
0 0.57890625 0.501953125 0.0328125 0.12109375
0 0.5203125 0.490234375 0.0375 0.11328125
2 0.4328125 0.4814453125 0.025 0.033203125
2 0.4421875 0.474609375 0.034375 0.0390625
2 0.4765625 0.474609375 0.021875 0.0234375
