2 0.159375 0.548828125 0.15625 0.1328125
2 0.2375 0.513671875 0.08125 0.0859375
2 0.27890625 0.5009765625 0.0671875 0.072265625
2 0.42890625 0.4716796875 0.0578125 0.056640625
2 0.571875 0.486328125 0.04375 0.06640625
2 0.5875 0.4921875 0.040625 0.078125
2 0.65390625 0.5224609375 0.1578125 0.150390625
0 0.35078125 0.490234375 0.0359375 0.10546875
0 0.9078125 0.525390625 0.04375 0.15625
3 0.98125 0.5947265625 0.028125 0.037109375
2 0.0875 0.4560546875 0.078125 0.025390625
2 0.3171875 0.4912109375 0.040625 0.064453125
2 0.37109375 0.4658203125 0.0421875 0.052734375
2 0.4875 0.44140625 0.021875 0.03125
2 0.46171875 0.4384765625 0.0265625 0.025390625
2 0.54921875 0.478515625 0.0265625 0.046875
2 0.553125 0.462890625 0.059375 0.06640625
0 0.50078125 0.4521484375 0.0203125 0.041015625
