0 0.89609375 0.455078125 0.0453125 0.125
0 0.8484375 0.4150390625 0.025 0.052734375
0 0.86171875 0.4609375 0.0265625 0.11328125
0 0.81640625 0.4560546875 0.0453125 0.115234375
0 0.1203125 0.439453125 0.025 0.08203125
0 0.0859375 0.439453125 0.025 0.078125
2 0.60546875 0.4638671875 0.0703125 0.080078125
2 0.45390625 0.447265625 0.0578125 0.0625
2 0.2765625 0.44140625 0.0625 0.06640625
2 0.2359375 0.431640625 0.046875 0.08203125
2 0.184375 0.4345703125 0.090625 0.083984375
2 0.36171875 0.546875 0.2796875 0.1640625
2 0.721875 0.4287109375 0.05 0.056640625
2 0.6828125 0.4443359375 0.084375 0.044921875
