0 0.97265625 0.513671875 0.0390625 0.3359375
2 0.93359375 0.419921875 0.0859375 0.08203125
2 0.93046875 0.4921875 0.0578125 0.078125
0 0.87265625 0.4951171875 0.0671875 0.232421875
0 0.80234375 0.51953125 0.0734375 0.23828125
0 0.6375 0.4619140625 0.025 0.064453125
0 0.615625 0.4599609375 0.03125 0.087890625
0 0.5875 0.466796875 0.028125 0.078125
0 0.0578125 0.48828125 0.025 0.07421875
0 0.0375 0.4931640625 0.03125 0.083984375
2 0.725 0.4560546875 0.0375 0.056640625
0 0.54921875 0.4609375 0.0203125 0.0546875
0 0.146875 0.474609375 0.01875 0.0390625
0 0.128125 0.486328125 0.01875 0.03125
0 0.3734375 0.458984375 0.0125 0.03125
