0 0.2171875 0.5849609375 0.05625 0.189453125
0 0.50546875 0.4755859375 0.0296875 0.076171875
2 0.8984375 0.6748046875 0.19375 0.279296875
2 0.7828125 0.541015625 0.209375 0.19140625
2 0.6546875 0.49609375 0.109375 0.08984375
2 0.56328125 0.4814453125 0.0984375 0.099609375
2 0.3984375 0.4677734375 0.053125 0.056640625
2 0.371875 0.4892578125 0.05625 0.076171875
2 0.2875 0.521484375 0.109375 0.1015625
2 0.103125 0.60546875 0.209375 0.20703125
2 0.9640625 0.4853515625 0.0625 0.083984375
2 0.4609375 0.451171875 0.03125 0.02734375
2 0.93984375 0.4765625 0.0984375 0.0859375
2 0.80546875 0.4384765625 0.0609375 0.025390625
