2 0.56953125 0.4599609375 0.0609375 0.052734375
2 0.478125 0.46875 0.0625 0.0703125
2 0.421875 0.4375 0.03125 0.03515625
0 0.6625 0.44921875 0.01875 0.046875
0 0.49296875 0.6435546875 0.0765625 0.322265625
0 0.78515625 0.451171875 0.0234375 0.05078125
0 0.7703125 0.4501953125 0.01875 0.037109375
0 0.9140625 0.5009765625 0.05 0.130859375
0 0.35078125 0.447265625 0.0203125 0.03515625
2 0.51328125 0.43359375 0.0265625 0.03515625
2 0.5390625 0.45703125 0.028125 0.04296875
0 0.7921875 0.486328125 0.028125 0.09375
