1 0.3953125 0.59375 0.028125 0.07421875
1 0.25859375 0.525390625 0.0203125 0.0546875
0 0.5671875 0.5341796875 0.040625 0.177734375
0 0.40078125 0.5361328125 0.0578125 0.158203125
0 0.259375 0.5068359375 0.028125 0.064453125
0 0.2140625 0.4794921875 0.021875 0.072265625
0 0.2359375 0.4755859375 0.021875 0.072265625
0 0.25859375 0.462890625 0.0203125 0.046875
2 0.8421875 0.640625 0.30625 0.23828125
2 0.33046875 0.4755859375 0.0515625 0.056640625
2 0.07578125 0.5986328125 0.1515625 0.189453125
2 0.95390625 0.486328125 0.0828125 0.078125
2 0.5296875 0.4794921875 0.05 0.044921875
2 0.51171875 0.4658203125 0.0328125 0.044921875
2 0.44609375 0.458984375 0.0265625 0.03515625
