2 0.7640625 0.5888671875 0.184375 0.181640625
2 0.69140625 0.52734375 0.1203125 0.12890625
2 0.63203125 0.5068359375 0.0734375 0.107421875
2 0.50234375 0.4404296875 0.0234375 0.025390625
2 0.22890625 0.48046875 0.1421875 0.05859375
2 0.03359375 0.4931640625 0.0703125 0.119140625
2 0.07734375 0.4853515625 0.0484375 0.076171875
2 0.11875 0.4677734375 0.04375 0.056640625
2 0.27734375 0.4619140625 0.0828125 0.052734375
2 0.32109375 0.4560546875 0.0421875 0.052734375
2 0.38203125 0.447265625 0.0296875 0.0390625
2 0.5796875 0.4638671875 0.04375 0.060546875
2 0.5921875 0.4794921875 0.0375 0.068359375
0 0.440625 0.453125 0.01875 0.0390625
