1 0.27265625 0.5263671875 0.0453125 0.099609375
0 0.95859375 0.5205078125 0.0421875 0.126953125
0 0.984375 0.517578125 0.025 0.125
0 0.45703125 0.474609375 0.0296875 0.08984375
0 0.3640625 0.4736328125 0.025 0.095703125
0 0.32578125 0.46875 0.0234375 0.078125
0 0.22265625 0.4609375 0.0234375 0.08203125
0 0.27421875 0.49609375 0.0359375 0.1484375
2 0.55234375 0.4736328125 0.0546875 0.056640625
0 0.390625 0.4560546875 0.025 0.064453125
0 0.25078125 0.462890625 0.0234375 0.0859375
0 0.37578125 0.48046875 0.0203125 0.0859375
2 0.4265625 0.466796875 0.04375 0.0546875
2 0.20390625 0.458984375 0.0234375 0.046875
2 0.72890625 0.4521484375 0.0609375 0.041015625
2 0.7578125 0.4638671875 0.090625 0.044921875
2 0.6078125 0.4580078125 0.053125 0.029296875
