2 0.225 0.48828125 0.115625 0.12109375
2 0.30703125 0.46484375 0.0578125 0.0625
2 0.3453125 0.4619140625 0.028125 0.037109375
2 0.6453125 0.4814453125 0.034375 0.072265625
2 0.59296875 0.4736328125 0.0359375 0.068359375
0 0.96171875 0.5126953125 0.0703125 0.208984375
1 0.9625 0.603515625 0.0625 0.140625
0 0.83671875 0.5 0.0671875 0.1484375
1 0.8421875 0.5703125 0.08125 0.0859375
0 0.6703125 0.48046875 0.03125 0.09765625
1 0.6703125 0.5263671875 0.0375 0.056640625
1 0.6203125 0.5166015625 0.04375 0.041015625
0 0.61796875 0.4716796875 0.0328125 0.099609375
1 0.56640625 0.5078125 0.0203125 0.0390625
0 0.565625 0.46875 0.025 0.07421875
1 0.1109375 0.5 0.053125 0.08984375
0 0.54296875 0.4697265625 0.0234375 0.068359375
