0 0.6421875 0.4541015625 0.04375 0.173828125
1 0.6390625 0.5390625 0.0375 0.09765625
2 0.515625 0.4423828125 0.0375 0.037109375
2 0.5 0.435546875 0.015625 0.01953125
2 0.49453125 0.423828125 0.0109375 0.01953125
2 0.45078125 0.421875 0.0109375 0.015625
2 0.4359375 0.4296875 0.0125 0.01953125
2 0.4171875 0.4375 0.0125 0.01953125
2 0.40546875 0.4375 0.0140625 0.0234375
2 0.38984375 0.4375 0.0203125 0.03125
2 0.36484375 0.443359375 0.0296875 0.03515625
2 0.328125 0.4453125 0.040625 0.05078125
2 0.271875 0.443359375 0.08125 0.0859375
1 0.01953125 0.4697265625 0.0421875 0.072265625
