2 0.11171875 0.509765625 0.2234375 0.2421875
2 0.2796875 0.48828125 0.075 0.0703125
2 0.3296875 0.470703125 0.05 0.0546875
2 0.59453125 0.478515625 0.0515625 0.0859375
2 0.7609375 0.494140625 0.08125 0.12890625
2 0.67578125 0.5009765625 0.0359375 0.091796875
0 0.96328125 0.5234375 0.0609375 0.19921875
0 0.80625 0.5126953125 0.059375 0.138671875
0 0.70859375 0.498046875 0.0578125 0.12890625
0 0.6328125 0.490234375 0.0375 0.11328125
1 0.97109375 0.6162109375 0.0359375 0.103515625
1 0.82890625 0.578125 0.0265625 0.0859375
1 0.7984375 0.5703125 0.025 0.078125
1 0.7125 0.5556640625 0.04375 0.072265625
1 0.6328125 0.537109375 0.03125 0.06640625
