0 0.84140625 0.4931640625 0.0421875 0.068359375
2 0.74921875 0.564453125 0.2359375 0.22265625
2 0.63828125 0.533203125 0.0546875 0.109375
2 0.2 0.4765625 0.09375 0.0546875
2 0.37421875 0.4736328125 0.0453125 0.052734375
2 0.35859375 0.4912109375 0.0515625 0.052734375
2 0.33671875 0.4951171875 0.0484375 0.056640625
2 0.2984375 0.5107421875 0.071875 0.076171875
2 0.25546875 0.537109375 0.1015625 0.10546875
2 0.15625 0.5693359375 0.171875 0.138671875
2 0.9421875 0.5126953125 0.10625 0.166015625
1 0.56875 0.482421875 0.025 0.03125
2 0.55234375 0.474609375 0.0234375 0.0234375
2 0.54375 0.46484375 0.028125 0.03515625
2 0.40234375 0.4697265625 0.0203125 0.037109375
2 0.4125 0.4716796875 0.01875 0.025390625
2 0.4203125 0.46875 0.0125 0.0234375
2 0.484375 0.4462890625 0.015625 0.017578125
