2 0.059375 0.640625 0.11875 0.2421875
2 0.34375 0.4814453125 0.071875 0.091796875
2 0.3890625 0.46875 0.03125 0.05859375
2 0.60546875 0.4921875 0.0671875 0.06640625
2 0.67265625 0.5302734375 0.0984375 0.095703125
2 0.73046875 0.5634765625 0.1453125 0.130859375
2 0.865625 0.6240234375 0.253125 0.212890625
2 0.9203125 0.7666015625 0.146875 0.333984375
0 0.425 0.451171875 0.021875 0.046875
2 0.4328125 0.4423828125 0.025 0.037109375
0 0.459375 0.4443359375 0.01875 0.041015625
0 0.49609375 0.4453125 0.0203125 0.046875
0 0.5234375 0.4462890625 0.01875 0.033203125
2 0.56328125 0.455078125 0.0421875 0.0546875
