2 0.0578125 0.65234375 0.115625 0.25
2 0.1484375 0.5791015625 0.190625 0.169921875
2 0.30390625 0.5048828125 0.1015625 0.115234375
2 0.3515625 0.478515625 0.05625 0.07421875
2 0.37890625 0.478515625 0.0421875 0.0703125
2 0.4296875 0.46484375 0.0375 0.046875
2 0.465625 0.4501953125 0.0375 0.037109375
2 0.58984375 0.4501953125 0.0359375 0.033203125
2 0.6609375 0.5087890625 0.065625 0.076171875
2 0.67265625 0.515625 0.0609375 0.078125
2 0.7421875 0.548828125 0.1375 0.12890625
0 0.91328125 0.7236328125 0.1421875 0.458984375
0 0.353125 0.587890625 0.084375 0.21875
1 0.35546875 0.6943359375 0.0609375 0.150390625
2 0.4953125 0.4404296875 0.028125 0.033203125
2 0.72578125 0.431640625 0.0796875 0.03515625
2 0.678125 0.4404296875 0.025 0.037109375
2 0.96484375 0.720703125 0.0640625 0.3671875
2 0.85625 0.7509765625 0.03125 0.134765625
