0 0.646875 0.4599609375 0.01875 0.076171875
0 0.6625 0.462890625 0.01875 0.09375
2 0.809375 0.4658203125 0.05625 0.076171875
2 0.92421875 0.447265625 0.1421875 0.140625
2 0.9515625 0.4853515625 0.090625 0.119140625
0 0.546875 0.455078125 0.01875 0.04296875
0 0.58125 0.4599609375 0.01875 0.052734375
0 0.59921875 0.455078125 0.0203125 0.0546875
0 0.6125 0.46484375 0.01875 0.06640625
0 0.62734375 0.4443359375 0.0203125 0.056640625
0 0.16796875 0.4775390625 0.0203125 0.041015625
0 0.12734375 0.4833984375 0.0203125 0.033203125
0 0.1109375 0.486328125 0.01875 0.05078125
0 0.36171875 0.4638671875 0.0109375 0.025390625
0 0.3671875 0.458984375 0.009375 0.02734375
0 0.37890625 0.4580078125 0.0109375 0.029296875
0 0.6796875 0.47265625 0.021875 0.078125
