2 0.93515625 0.4697265625 0.0359375 0.044921875
2 0.8796875 0.47265625 0.059375 0.05078125
0 0.81328125 0.470703125 0.0109375 0.0390625
0 0.80625 0.47265625 0.009375 0.03125
0 0.78515625 0.47265625 0.0109375 0.02734375
2 0.6984375 0.4755859375 0.025 0.033203125
2 0.6578125 0.4833984375 0.059375 0.064453125
2 0.61875 0.4853515625 0.025 0.029296875
2 0.5015625 0.4921875 0.065625 0.05859375
2 0.35859375 0.4970703125 0.0921875 0.048828125
2 0.2078125 0.529296875 0.209375 0.14453125
2 0.0578125 0.4951171875 0.08125 0.041015625
2 0.12265625 0.4931640625 0.0234375 0.044921875
