0 0.59921875 0.484375 0.0234375 0.05859375
0 0.07265625 0.458984375 0.0234375 0.046875
2 0.94921875 0.8427734375 0.0921875 0.302734375
2 0.77890625 0.5830078125 0.2078125 0.220703125
2 0.69609375 0.54296875 0.1328125 0.17578125
2 0.4828125 0.4619140625 0.034375 0.037109375
2 0.35546875 0.482421875 0.1109375 0.046875
2 0.1125 0.591796875 0.184375 0.15625
2 0.03671875 0.6259765625 0.0765625 0.158203125
2 0.3609375 0.4462890625 0.046875 0.033203125
2 0.15390625 0.4990234375 0.1046875 0.072265625
0 0.1921875 0.4677734375 0.021875 0.041015625
0 0.1796875 0.466796875 0.021875 0.0390625
