0 0.0984375 0.525390625 0.08125 0.3046875
0 0.5109375 0.44921875 0.015625 0.0234375
0 0.6390625 0.470703125 0.015625 0.046875
1 0.83828125 0.5078125 0.0140625 0.05078125
1 0.87734375 0.513671875 0.0140625 0.0546875
2 0.95703125 0.515625 0.0796875 0.07421875
2 0.92109375 0.5068359375 0.0484375 0.048828125
2 0.89609375 0.505859375 0.0296875 0.04296875
2 0.81328125 0.48828125 0.0359375 0.0390625
0 0.88125 0.4697265625 0.025 0.064453125
0 0.8421875 0.47265625 0.025 0.0546875
0 0.7609375 0.4619140625 0.01875 0.037109375
1 0.7625 0.4892578125 0.009375 0.025390625
0 0.6578125 0.470703125 0.009375 0.03125
