0 0.38984375 0.4833984375 0.0171875 0.037109375
0 0.37421875 0.4833984375 0.0140625 0.041015625
0 0.31640625 0.4951171875 0.0296875 0.119140625
0 0.29296875 0.4951171875 0.0203125 0.095703125
2 0.26796875 0.4755859375 0.0265625 0.037109375
2 0.24375 0.46875 0.021875 0.02734375
2 0.20390625 0.46875 0.0265625 0.02734375
2 0.159375 0.484375 0.06875 0.05859375
2 0.09609375 0.48828125 0.0203125 0.0625
2 0.06328125 0.4736328125 0.0296875 0.033203125
2 0.0234375 0.505859375 0.05 0.08984375
0 0.11640625 0.4765625 0.0265625 0.07421875
