2 0.73671875 0.515625 0.2078125 0.16796875
2 0.6421875 0.47265625 0.153125 0.15234375
2 0.5609375 0.478515625 0.040625 0.08203125
2 0.5390625 0.466796875 0.071875 0.08984375
2 0.02734375 0.5263671875 0.0578125 0.138671875
2 0.0859375 0.4892578125 0.175 0.150390625
2 0.18515625 0.4814453125 0.1046875 0.119140625
2 0.27265625 0.474609375 0.0609375 0.078125
2 0.3203125 0.46875 0.034375 0.04296875
2 0.3453125 0.46875 0.01875 0.03515625
2 0.36484375 0.466796875 0.0234375 0.02734375
2 0.49296875 0.4677734375 0.0265625 0.052734375
