2 0.95 0.4873046875 0.0875 0.115234375
2 0.92109375 0.443359375 0.1390625 0.13671875
2 0.8078125 0.4609375 0.059375 0.078125
0 0.653125 0.466796875 0.025 0.08203125
0 0.62734375 0.45703125 0.0265625 0.08203125
0 0.1671875 0.4765625 0.01875 0.04296875
0 0.11328125 0.4912109375 0.0203125 0.056640625
0 0.5703125 0.455078125 0.01875 0.046875
0 0.54921875 0.45703125 0.0203125 0.04296875
0 0.36015625 0.4638671875 0.0078125 0.025390625
0 0.365625 0.4638671875 0.009375 0.025390625
0 0.584375 0.453125 0.01875 0.05078125
0 0.3796875 0.4599609375 0.009375 0.029296875
0 0.12578125 0.4892578125 0.0203125 0.033203125
2 0.72890625 0.4521484375 0.0328125 0.044921875
