2 0.05234375 0.5625 0.1046875 0.2109375
2 0.3296875 0.4921875 0.09375 0.09375
2 0.3671875 0.48046875 0.071875 0.078125
2 0.42265625 0.4765625 0.0609375 0.0703125
2 0.4640625 0.4716796875 0.0375 0.041015625
2 0.759375 0.48828125 0.06875 0.08203125
2 0.8109375 0.49609375 0.08125 0.08203125
2 0.91484375 0.51953125 0.1453125 0.12890625
2 0.94609375 0.5224609375 0.1015625 0.126953125
2 0.94921875 0.7021484375 0.0921875 0.251953125
0 0.7 0.4814453125 0.021875 0.072265625
0 0.5390625 0.4580078125 0.01875 0.041015625
0 0.5171875 0.45703125 0.01875 0.03515625
2 0.58046875 0.4638671875 0.0296875 0.025390625
2 0.05546875 0.4521484375 0.1046875 0.076171875
2 0.178125 0.5087890625 0.225 0.189453125
0 0.59921875 0.4599609375 0.0140625 0.037109375
2 0.490625 0.4677734375 0.021875 0.033203125
