0 0.5640625 0.4541015625 0.01875 0.052734375
0 0.55 0.4609375 0.01875 0.05859375
0 0.69765625 0.51953125 0.0484375 0.12890625
0 0.8296875 0.5947265625 0.078125 0.193359375
1 0.825 0.6806640625 0.0625 0.138671875
0 0.85 0.46875 0.028125 0.0546875
0 0.8171875 0.474609375 0.034375 0.046875
0 0.16328125 0.470703125 0.0265625 0.0703125
0 0.14453125 0.470703125 0.0234375 0.0703125
2 0.92578125 0.6044921875 0.1421875 0.181640625
2 0.46171875 0.462890625 0.0515625 0.0390625
2 0.42734375 0.4541015625 0.0546875 0.037109375
2 0.6203125 0.486328125 0.0875 0.0625
2 0.940625 0.484375 0.109375 0.0625
2 0.7984375 0.5537109375 0.1375 0.115234375
2 0.7453125 0.5205078125 0.1 0.123046875
2 0.32265625 0.4443359375 0.0359375 0.037109375
0 0.3703125 0.451171875 0.0125 0.03515625
0 0.359375 0.451171875 0.015625 0.03515625
2 0.50546875 0.46875 0.0609375 0.0546875
1 0.7015625 0.564453125 0.025 0.0859375
1 0.08515625 0.556640625 0.0359375 0.0546875
