0 0.46171875 0.533203125 0.0609375 0.16015625
1 0.47421875 0.5908203125 0.1234375 0.076171875
2 0.675 0.4521484375 0.053125 0.056640625
2 0.775 0.4697265625 0.05625 0.068359375
2 0.2109375 0.4521484375 0.10625 0.091796875
2 0.08984375 0.4453125 0.1296875 0.03515625
2 0.4359375 0.458984375 0.05625 0.05859375
2 0.50078125 0.447265625 0.0359375 0.04296875
2 0.53359375 0.4404296875 0.0421875 0.041015625
2 0.55546875 0.4375 0.0234375 0.03515625
2 0.58125 0.4326171875 0.021875 0.033203125
2 0.86484375 0.4677734375 0.0546875 0.095703125
2 0.803125 0.4716796875 0.034375 0.095703125
