0 0.94140625 0.421875 0.0234375 0.06640625
0 0.9171875 0.423828125 0.01875 0.06640625
0 0.88515625 0.416015625 0.0203125 0.0546875
0 0.8640625 0.408203125 0.021875 0.046875
2 0.8046875 0.53125 0.296875 0.2109375
0 0.7921875 0.412109375 0.01875 0.03125
0 0.771875 0.412109375 0.01875 0.0234375
0 0.9921875 0.40625 0.009375 0.04296875
0 0.6015625 0.423828125 0.015625 0.015625
2 0.5890625 0.4716796875 0.11875 0.080078125
2 0.5328125 0.4521484375 0.021875 0.072265625
2 0.51484375 0.4482421875 0.0234375 0.056640625
2 0.5 0.4404296875 0.01875 0.037109375
2 0.4546875 0.44921875 0.065625 0.0703125
2 0.41640625 0.4296875 0.0203125 0.02734375
2 0.38984375 0.4384765625 0.0203125 0.033203125
2 0.36953125 0.44140625 0.0234375 0.03515625
2 0.3484375 0.447265625 0.025 0.05078125
2 0.328125 0.455078125 0.021875 0.0546875
2 0.2875 0.4521484375 0.065625 0.072265625
2 0.271875 0.470703125 0.05625 0.0625
2 0.12265625 0.5244140625 0.2484375 0.318359375
