2 0.88046875 0.4990234375 0.2328125 0.365234375
2 0.73828125 0.5419921875 0.0578125 0.119140625
2 0.7265625 0.4755859375 0.08125 0.099609375
0 0.6609375 0.509765625 0.021875 0.1171875
2 0.6390625 0.5048828125 0.053125 0.115234375
2 0.58671875 0.5029296875 0.0515625 0.072265625
2 0.5171875 0.4990234375 0.10625 0.201171875
0 0.4578125 0.5283203125 0.08125 0.263671875
1 0.46171875 0.623046875 0.0484375 0.14453125
0 0.4015625 0.474609375 0.03125 0.0703125
1 0.403125 0.5126953125 0.01875 0.044921875
2 0.35546875 0.4931640625 0.0328125 0.068359375
2 0.31875 0.4931640625 0.0875 0.103515625
2 0.24921875 0.51171875 0.1140625 0.1484375
0 0.159375 0.521484375 0.065625 0.25
2 0.0546875 0.501953125 0.1125 0.40625
2 0.121875 0.5166015625 0.05625 0.169921875
2 0.37578125 0.49609375 0.0296875 0.046875
0 0.68828125 0.533203125 0.0328125 0.1015625
