0 0.74375 0.474609375 0.05 0.16796875
0 0.70390625 0.4921875 0.0484375 0.14453125
0 0.94921875 0.521484375 0.0953125 0.32421875
0 0.59375 0.4560546875 0.025 0.087890625
0 0.17734375 0.4794921875 0.0171875 0.048828125
2 0.80859375 0.462890625 0.0578125 0.07421875
2 0.90078125 0.44921875 0.0984375 0.13671875
2 0.340625 0.595703125 0.55625 0.26953125
0 0.19296875 0.4755859375 0.0203125 0.037109375
0 0.1265625 0.486328125 0.021875 0.03515625
0 0.11328125 0.4951171875 0.0234375 0.052734375
2 0.45390625 0.458984375 0.0296875 0.02734375
0 0.5484375 0.455078125 0.01875 0.046875
0 0.61796875 0.4599609375 0.0234375 0.076171875
0 0.628125 0.4638671875 0.021875 0.076171875
0 0.64609375 0.4580078125 0.0265625 0.083984375
