2 0.953125 0.599609375 0.0875 0.27734375
2 0.68671875 0.490234375 0.1671875 0.140625
2 0.59765625 0.4833984375 0.0703125 0.099609375
2 0.4546875 0.49609375 0.1375 0.140625
2 0.38125 0.466796875 0.01875 0.03125
2 0.36640625 0.46484375 0.0203125 0.03515625
2 0.34453125 0.47265625 0.0234375 0.0390625
2 0.309375 0.47265625 0.046875 0.05078125
0 0.25625 0.462890625 0.0125 0.0390625
2 0.13125 0.4892578125 0.103125 0.076171875
2 0.0390625 0.462890625 0.08125 0.171875
1 0.86953125 0.580078125 0.0796875 0.17578125
