2 0.8453125 0.638671875 0.3 0.3125
2 0.7234375 0.5576171875 0.115625 0.134765625
2 0.6484375 0.5068359375 0.10625 0.103515625
2 0.40703125 0.4609375 0.0359375 0.046875
2 0.32734375 0.482421875 0.0828125 0.08984375
2 0.28359375 0.515625 0.0734375 0.11328125
2 0.240625 0.5380859375 0.096875 0.123046875
2 0.15078125 0.572265625 0.1359375 0.15234375
2 0.06484375 0.6357421875 0.1296875 0.232421875
0 0.559375 0.46875 0.01875 0.06640625
0 0.546875 0.4716796875 0.01875 0.060546875
2 0.053125 0.4619140625 0.05 0.029296875
2 0.10078125 0.4599609375 0.0609375 0.029296875
2 0.390625 0.474609375 0.025 0.046875
