0 0.63046875 0.501953125 0.0609375 0.28515625
2 0.56171875 0.4814453125 0.0734375 0.099609375
2 0.51640625 0.4794921875 0.0453125 0.076171875
2 0.48515625 0.4873046875 0.0234375 0.064453125
2 0.44453125 0.482421875 0.0796875 0.078125
2 0.34296875 0.48046875 0.0765625 0.08203125
2 0.275 0.4697265625 0.04375 0.052734375
0 0.25234375 0.5009765625 0.0203125 0.091796875
0 0.23046875 0.4814453125 0.0265625 0.119140625
2 0.1546875 0.4853515625 0.128125 0.142578125
2 0.0625 0.5048828125 0.128125 0.197265625
