2 0.8078125 0.4599609375 0.053125 0.076171875
2 0.49140625 0.4736328125 0.0515625 0.064453125
2 0.45859375 0.4560546875 0.0359375 0.037109375
2 0.55546875 0.4736328125 0.0734375 0.060546875
0 0.6015625 0.4609375 0.028125 0.09375
0 0.7140625 0.4892578125 0.05 0.162109375
0 0.7609375 0.4755859375 0.046875 0.181640625
0 0.91796875 0.5546875 0.1296875 0.39453125
0 0.18359375 0.4794921875 0.0171875 0.041015625
2 0.33984375 0.59765625 0.5578125 0.2734375
0 0.2046875 0.474609375 0.01875 0.0390625
0 0.125 0.486328125 0.021875 0.03515625
0 0.10859375 0.4931640625 0.0203125 0.044921875
0 0.6234375 0.4580078125 0.01875 0.087890625
0 0.6328125 0.462890625 0.025 0.078125
0 0.653125 0.458984375 0.028125 0.0859375
2 0.9671875 0.3984375 0.059375 0.0546875
