2 0.10859375 0.5537109375 0.2109375 0.181640625
2 0.240625 0.5302734375 0.08125 0.107421875
2 0.284375 0.5107421875 0.06875 0.091796875
2 0.31796875 0.498046875 0.0546875 0.0625
2 0.346875 0.474609375 0.065625 0.08203125
0 0.453125 0.505859375 0.040625 0.1328125
0 0.53984375 0.501953125 0.0484375 0.140625
2 0.8484375 0.6640625 0.296875 0.2734375
2 0.75546875 0.529296875 0.1984375 0.203125
2 0.66328125 0.51171875 0.1015625 0.1328125
0 0.403125 0.4677734375 0.01875 0.064453125
2 0.21796875 0.453125 0.0546875 0.03515625
2 0.38671875 0.4638671875 0.0296875 0.044921875
2 0.41484375 0.4541015625 0.0203125 0.029296875
2 0.46953125 0.4404296875 0.0265625 0.029296875
1 0.45390625 0.5458984375 0.0203125 0.083984375
2 0.59765625 0.4990234375 0.0484375 0.095703125
