0 0.515625 0.470703125 0.040625 0.1328125
0 0.4765625 0.4755859375 0.046875 0.134765625
0 0.57265625 0.4541015625 0.0296875 0.119140625
0 0.915625 0.51171875 0.071875 0.3984375
0 0.97421875 0.5166015625 0.0453125 0.474609375
2 0.70859375 0.4423828125 0.1578125 0.099609375
2 0.66875 0.431640625 0.13125 0.1015625
2 0.36171875 0.484375 0.0921875 0.08984375
0 0.44375 0.4482421875 0.021875 0.064453125
0 0.03359375 0.4697265625 0.0203125 0.033203125
0 0.15390625 0.4599609375 0.0203125 0.037109375
0 0.1625 0.4560546875 0.0125 0.037109375
