2 0.07890625 0.5009765625 0.1609375 0.119140625
0 0.2078125 0.466796875 0.03125 0.05078125
2 0.20078125 0.560546875 0.1796875 0.1484375
2 0.3484375 0.48046875 0.075 0.08203125
2 0.6046875 0.4853515625 0.04375 0.056640625
2 0.6859375 0.5166015625 0.09375 0.087890625
2 0.79765625 0.537109375 0.2171875 0.16796875
2 0.8703125 0.625 0.253125 0.26171875
2 0.953125 0.7783203125 0.084375 0.224609375
2 0.584375 0.47265625 0.021875 0.04296875
2 0.57578125 0.470703125 0.0359375 0.0390625
2 0.56015625 0.45703125 0.0328125 0.03125
2 0.54453125 0.44921875 0.0234375 0.02734375
2 0.27265625 0.4619140625 0.0421875 0.056640625
2 0.41171875 0.439453125 0.0234375 0.03125
