2 0.54453125 0.474609375 0.0796875 0.08203125
2 0.35390625 0.4697265625 0.0515625 0.044921875
2 0.04140625 0.4990234375 0.0828125 0.115234375
0 0.6078125 0.5126953125 0.06875 0.162109375
0 0.29296875 0.4912109375 0.0546875 0.162109375
0 0.171875 0.4921875 0.04375 0.13671875
1 0.959375 0.595703125 0.06875 0.09375
1 0.64609375 0.5654296875 0.0765625 0.119140625
1 0.56328125 0.57421875 0.0671875 0.08984375
1 0.31015625 0.5537109375 0.0453125 0.076171875
1 0.26953125 0.556640625 0.0328125 0.06640625
1 0.16875 0.541015625 0.034375 0.0625
2 0.50546875 0.4794921875 0.0265625 0.041015625
2 0.5 0.47265625 0.034375 0.05078125
2 0.1484375 0.4736328125 0.03125 0.076171875
1 0.2109375 0.513671875 0.025 0.046875
0 0.21015625 0.4736328125 0.0265625 0.087890625
2 0.3875 0.4697265625 0.028125 0.033203125
