2 0.86484375 0.5 0.1421875 0.10546875
2 0.69375 0.474609375 0.05625 0.0546875
2 0.6015625 0.458984375 0.028125 0.03125
2 0.55 0.462890625 0.04375 0.04296875
2 0.5140625 0.4580078125 0.028125 0.033203125
2 0.4546875 0.470703125 0.075 0.08203125
2 0.40625 0.4619140625 0.028125 0.033203125
2 0.2921875 0.46875 0.03125 0.03515625
0 0.24765625 0.4697265625 0.0234375 0.044921875
0 0.2125 0.466796875 0.021875 0.046875
0 0.165625 0.4765625 0.01875 0.03515625
0 0.14765625 0.478515625 0.0203125 0.06640625
0 0.12421875 0.4716796875 0.0203125 0.052734375
0 0.109375 0.4697265625 0.015625 0.052734375
0 0.084375 0.474609375 0.025 0.0625
0 0.0671875 0.4755859375 0.021875 0.056640625
2 0.05234375 0.4541015625 0.0203125 0.029296875
2 0.02578125 0.4755859375 0.0515625 0.060546875
