0 0.921875 0.5390625 0.146875 0.359375
0 0.73515625 0.4599609375 0.0359375 0.130859375
2 0.446875 0.4609375 0.03125 0.03125
2 0.4359375 0.4453125 0.0125 0.015625
2 0.421875 0.4443359375 0.009375 0.013671875
2 0.396875 0.4560546875 0.015625 0.021484375
0 0.346875 0.587890625 0.090625 0.375
0 0.29296875 0.458984375 0.0265625 0.078125
2 0.26953125 0.4658203125 0.0265625 0.056640625
2 0.23125 0.482421875 0.06875 0.08984375
0 0.19453125 0.638671875 0.0828125 0.37109375
0 0.11640625 0.65625 0.1046875 0.421875
0 0.01953125 0.59375 0.0421875 0.328125
