0 0.7171875 0.48828125 0.021875 0.09375
0 0.66875 0.48828125 0.025 0.09765625
0 0.4328125 0.46484375 0.021875 0.05859375
0 0.40546875 0.462890625 0.0203125 0.05078125
2 0.33671875 0.482421875 0.0578125 0.05859375
2 0.2453125 0.4912109375 0.11875 0.119140625
2 0.115625 0.515625 0.15 0.17578125
2 0.04765625 0.5439453125 0.0953125 0.181640625
2 0.77578125 0.498046875 0.1078125 0.12109375
2 0.85 0.5234375 0.121875 0.125
2 0.93828125 0.5263671875 0.1171875 0.138671875
2 0.9625 0.5576171875 0.0625 0.115234375
0 0.51171875 0.4541015625 0.0140625 0.029296875
0 0.521875 0.4541015625 0.0125 0.029296875
2 0.49296875 0.4580078125 0.0296875 0.033203125
0 0.4515625 0.4521484375 0.0125 0.029296875
2 0.38984375 0.46484375 0.0328125 0.046875
2 0.3640625 0.4697265625 0.046875 0.052734375
2 0.3015625 0.482421875 0.040625 0.07421875
2 0.60078125 0.4609375 0.0265625 0.0390625
2 0.6421875 0.4736328125 0.025 0.056640625
0 0.871875 0.451171875 0.015625 0.0234375
0 0.8625 0.4482421875 0.01875 0.029296875
0 0.8328125 0.4560546875 0.021875 0.033203125
2 0.96328125 0.443359375 0.0609375 0.0390625
