2 0.9359375 0.4462890625 0.115625 0.134765625
2 0.9515625 0.484375 0.090625 0.12109375
0 0.85 0.48046875 0.075 0.2109375
0 0.8 0.4912109375 0.040625 0.189453125
0 0.7546875 0.4765625 0.046875 0.18359375
0 0.70859375 0.48046875 0.0421875 0.203125
0 0.67890625 0.4755859375 0.0328125 0.162109375
0 0.26171875 0.484375 0.0234375 0.0546875
0 0.23671875 0.4853515625 0.0265625 0.052734375
0 0.12265625 0.484375 0.0234375 0.03515625
0 0.10546875 0.4921875 0.0234375 0.0546875
0 0.6390625 0.4599609375 0.03125 0.068359375
0 0.6171875 0.462890625 0.028125 0.06640625
0 0.57421875 0.4560546875 0.0203125 0.048828125
0 0.55625 0.455078125 0.0125 0.046875
2 0.45546875 0.4580078125 0.0453125 0.033203125
