0 0.7453125 0.4599609375 0.03125 0.091796875
0 0.67421875 0.45703125 0.0203125 0.06640625
0 0.875 0.4736328125 0.046875 0.119140625
0 0.9015625 0.4677734375 0.046875 0.107421875
0 0.5109375 0.453125 0.01875 0.06640625
2 0.534375 0.466796875 0.025 0.05859375
2 0.56796875 0.47265625 0.0609375 0.0625
2 0.4046875 0.4697265625 0.0875 0.076171875
0 0.96796875 0.439453125 0.0265625 0.03515625
0 0.8234375 0.4423828125 0.021875 0.025390625
0 0.06328125 0.4453125 0.0265625 0.0703125
0 0.04609375 0.4306640625 0.0203125 0.029296875
0 0.08515625 0.4267578125 0.0234375 0.025390625
0 0.103125 0.435546875 0.03125 0.0390625
2 0.46015625 0.4404296875 0.0234375 0.029296875
