1 0.596875 0.4130859375 0.01875 0.064453125
1 0.525 0.3994140625 0.01875 0.056640625
0 0.521875 0.375 0.03125 0.10546875
0 0.59765625 0.3837890625 0.0296875 0.103515625
2 0.67890625 0.412109375 0.1015625 0.09375
2 0.79453125 0.4130859375 0.1734375 0.208984375
2 0.88203125 0.455078125 0.2296875 0.37109375
2 0.3953125 0.3740234375 0.05 0.064453125
2 0.35234375 0.3857421875 0.0734375 0.076171875
2 0.42578125 0.376953125 0.0296875 0.0390625
2 0.253125 0.3994140625 0.109375 0.123046875
2 0.1109375 0.4169921875 0.221875 0.166015625
2 0.5671875 0.3779296875 0.028125 0.037109375
2 0.43828125 0.369140625 0.0328125 0.0390625
2 0.46015625 0.3681640625 0.0265625 0.033203125
2 0.4859375 0.373046875 0.021875 0.0234375
