0 0.7984375 0.5029296875 0.025 0.087890625
0 0.7765625 0.4833984375 0.028125 0.052734375
0 0.81640625 0.484375 0.0265625 0.04296875
0 0.8640625 0.51953125 0.025 0.1171875
0 0.14765625 0.5 0.0203125 0.0703125
2 0.58046875 0.5078125 0.0671875 0.0703125
2 0.53125 0.4873046875 0.025 0.033203125
2 0.3828125 0.5029296875 0.065625 0.060546875
0 0.06328125 0.482421875 0.0296875 0.0625
0 0.24296875 0.4853515625 0.0203125 0.052734375
1 0.9 0.6318359375 0.0625 0.087890625
0 0.16953125 0.4892578125 0.0234375 0.052734375
0 0.1859375 0.4931640625 0.01875 0.068359375
0 0.27890625 0.490234375 0.0203125 0.046875
0 0.721875 0.4951171875 0.021875 0.072265625
