2 0.61171875 0.5185546875 0.0828125 0.091796875
2 0.32421875 0.5234375 0.0953125 0.078125
0 0.87890625 0.51171875 0.0421875 0.1171875
0 0.94453125 0.521484375 0.0296875 0.12109375
0 0.96875 0.5185546875 0.034375 0.130859375
0 0.0921875 0.50390625 0.025 0.08203125
0 0.0578125 0.4921875 0.025 0.05078125
0 0.02890625 0.490234375 0.0234375 0.0546875
0 0.20546875 0.4931640625 0.0203125 0.052734375
0 0.25234375 0.49609375 0.0234375 0.05859375
2 0.54375 0.4970703125 0.021875 0.025390625
0 0.11171875 0.4814453125 0.0234375 0.037109375
