0 0.88046875 0.5595703125 0.0453125 0.185546875
2 0.80546875 0.501953125 0.1109375 0.109375
2 0.73828125 0.47265625 0.1109375 0.07421875
2 0.4921875 0.4287109375 0.03125 0.033203125
2 0.35546875 0.4609375 0.0515625 0.05859375
2 0.2921875 0.4482421875 0.075 0.037109375
2 0.29296875 0.4951171875 0.0453125 0.076171875
2 0.2296875 0.4990234375 0.103125 0.123046875
2 0.18671875 0.541015625 0.1328125 0.12890625
2 0.078125 0.5791015625 0.15625 0.189453125
2 0.6078125 0.451171875 0.03125 0.05078125
2 0.38515625 0.447265625 0.0359375 0.0390625
2 0.41875 0.4248046875 0.028125 0.029296875
2 0.08984375 0.458984375 0.1078125 0.078125
