2 0.846875 0.6162109375 0.296875 0.283203125
2 0.72578125 0.5478515625 0.1203125 0.154296875
2 0.65390625 0.5146484375 0.0828125 0.099609375
2 0.29765625 0.5048828125 0.0734375 0.083984375
2 0.2375 0.515625 0.08125 0.109375
2 0.1390625 0.5185546875 0.153125 0.154296875
2 0.053125 0.5517578125 0.10625 0.177734375
2 0.5140625 0.470703125 0.046875 0.03515625
0 0.35546875 0.486328125 0.0265625 0.08203125
0 0.3796875 0.4853515625 0.028125 0.076171875
0 0.60078125 0.5146484375 0.0421875 0.146484375
0 0.57265625 0.490234375 0.0296875 0.1015625
2 0.40546875 0.462890625 0.0453125 0.04296875
2 0.5390625 0.4697265625 0.025 0.029296875
