2 0.0640625 0.421875 0.13125 0.1015625
0 0.02890625 0.4560546875 0.0453125 0.115234375
1 0.03046875 0.4921875 0.0609375 0.0625
0 0.13671875 0.4482421875 0.0359375 0.083984375
1 0.1375 0.484375 0.046875 0.04296875
0 0.21640625 0.44140625 0.0484375 0.08984375
0 0.2515625 0.439453125 0.040625 0.0859375
0 0.30078125 0.4326171875 0.0359375 0.068359375
1 0.2171875 0.46875 0.05 0.05859375
1 0.3 0.4599609375 0.0375 0.044921875
1 0.2578125 0.4619140625 0.040625 0.044921875
2 0.7796875 0.4228515625 0.071875 0.083984375
0 0.5234375 0.427734375 0.01875 0.0390625
0 0.48828125 0.4296875 0.0234375 0.05078125
