1 0.815625 0.580078125 0.090625 0.1328125
1 0.70859375 0.583984375 0.0953125 0.1015625
1 0.44140625 0.556640625 0.0796875 0.1328125
1 0.3625 0.5703125 0.059375 0.08203125
1 0.21484375 0.548828125 0.0390625 0.10546875
1 0.115625 0.5341796875 0.028125 0.095703125
2 0.5515625 0.4765625 0.075 0.07421875
2 0.5109375 0.4765625 0.028125 0.05859375
2 0.3265625 0.48046875 0.0625 0.05859375
0 0.74765625 0.5087890625 0.0953125 0.208984375
0 0.40703125 0.50390625 0.0828125 0.17578125
0 0.22421875 0.4736328125 0.0671875 0.169921875
0 0.115625 0.4892578125 0.053125 0.138671875
2 0.15859375 0.4755859375 0.0359375 0.087890625
2 0.03984375 0.5009765625 0.0796875 0.123046875
2 0.49609375 0.474609375 0.0203125 0.04296875
