2 0.73984375 0.466796875 0.0265625 0.0234375
2 0.709375 0.46484375 0.025 0.02734375
2 0.665625 0.4677734375 0.04375 0.025390625
2 0.59453125 0.4658203125 0.0578125 0.025390625
2 0.55390625 0.470703125 0.0234375 0.0234375
2 0.403125 0.4619140625 0.034375 0.029296875
2 0.29296875 0.5 0.1390625 0.1171875
2 0.21015625 0.455078125 0.0328125 0.03125
2 0.1734375 0.451171875 0.0375 0.02734375
2 0.1203125 0.4453125 0.03125 0.0234375
2 0.06796875 0.4453125 0.0421875 0.0234375
2 0.06015625 0.490234375 0.1046875 0.06640625
2 0.9796875 0.4677734375 0.034375 0.029296875
