0 0.05234375 0.4833984375 0.0609375 0.134765625
0 0.740625 0.4619140625 0.025 0.091796875
0 0.4828125 0.451171875 0.021875 0.0625
0 0.88671875 0.470703125 0.0484375 0.125
0 0.91484375 0.4638671875 0.0421875 0.107421875
2 0.3859375 0.474609375 0.10625 0.0859375
2 0.52734375 0.462890625 0.0296875 0.046875
2 0.5609375 0.47265625 0.0625 0.06640625
1 0.0921875 0.5263671875 0.05 0.064453125
1 0.02734375 0.5185546875 0.0578125 0.087890625
0 0.08671875 0.4306640625 0.0234375 0.029296875
0 0.10546875 0.439453125 0.0265625 0.0390625
0 0.66484375 0.4541015625 0.0234375 0.064453125
0 0.95390625 0.4404296875 0.0265625 0.041015625
0 0.809375 0.44140625 0.025 0.02734375
