0 0.91796875 0.408203125 0.0140625 0.0546875
0 0.90078125 0.3935546875 0.0109375 0.025390625
0 0.884375 0.419921875 0.0125 0.0546875
0 0.84921875 0.416015625 0.0140625 0.04296875
0 0.8375 0.416015625 0.015625 0.046875
0 0.80234375 0.4296875 0.0234375 0.0625
0 0.78359375 0.4326171875 0.0203125 0.056640625
0 0.75625 0.3994140625 0.0125 0.044921875
0 0.72578125 0.41015625 0.0171875 0.04296875
0 0.74453125 0.4248046875 0.0140625 0.021484375
0 0.7546875 0.48046875 0.028125 0.10546875
0 0.728125 0.4833984375 0.025 0.091796875
0 0.71015625 0.4482421875 0.0140625 0.068359375
0 0.69296875 0.46484375 0.0203125 0.078125
0 0.6796875 0.421875 0.0125 0.01953125
0 0.6734375 0.470703125 0.021875 0.08203125
0 0.6609375 0.416015625 0.0125 0.02734375
0 0.65234375 0.412109375 0.0109375 0.01953125
0 0.64296875 0.416015625 0.0109375 0.0234375
0 0.65625 0.4541015625 0.0125 0.052734375
0 0.6359375 0.4658203125 0.03125 0.076171875
0 0.6328125 0.41015625 0.009375 0.0234375
0 0.6234375 0.4072265625 0.015625 0.025390625
0 0.596875 0.408203125 0.009375 0.03515625
0 0.58515625 0.41015625 0.0109375 0.03515625
0 0.5734375 0.4228515625 0.009375 0.044921875
0 0.55390625 0.4228515625 0.0109375 0.044921875
0 0.53671875 0.423828125 0.0109375 0.0390625
2 0.453125 0.4013671875 0.021875 0.017578125
2 0.4609375 0.41015625 0.025 0.02734375
2 0.475 0.4248046875 0.028125 0.033203125
2 0.49609375 0.439453125 0.0515625 0.05078125
2 0.5109375 0.501953125 0.1 0.109375
2 0.4359375 0.400390625 0.015625 0.01953125
2 0.4296875 0.4306640625 0.05 0.060546875
2 0.38984375 0.41015625 0.0234375 0.0234375
2 0.36875 0.431640625 0.04375 0.046875
2 0.33515625 0.451171875 0.0640625 0.0703125
2 0.2921875 0.455078125 0.025 0.0546875
2 0.259375 0.4599609375 0.05625 0.060546875
2 0.4125 0.466796875 0.071875 0.0703125
0 0.13828125 0.44921875 0.0171875 0.046875
0 0.12734375 0.44921875 0.0140625 0.046875
2 0.1625 0.53125 0.171875 0.140625
0 0.88125 0.4853515625 0.028125 0.107421875
