1 0.046875 0.5810546875 0.096875 0.240234375
1 0.1765625 0.5419921875 0.090625 0.177734375
0 0.35078125 0.470703125 0.0234375 0.0859375
0 0.3140625 0.4677734375 0.01875 0.076171875
0 0.64296875 0.5439453125 0.1078125 0.408203125
3 0.69140625 0.587890625 0.0296875 0.046875
0 0.184375 0.48046875 0.078125 0.23828125
0 0.04296875 0.484375 0.0859375 0.30859375
2 0.93203125 0.5458984375 0.1296875 0.232421875
2 0.8671875 0.50390625 0.259375 0.23046875
2 0.72578125 0.501953125 0.0609375 0.15234375
2 0.55625 0.48828125 0.0875 0.1484375
2 0.4828125 0.490234375 0.053125 0.0859375
2 0.47265625 0.478515625 0.1171875 0.09375
2 0.38828125 0.474609375 0.0421875 0.0703125
2 0.11953125 0.4794921875 0.0609375 0.091796875
0 0.61640625 0.390625 0.0453125 0.046875
