1 0.446875 0.5380859375 0.021875 0.068359375
0 0.5375 0.5048828125 0.040625 0.119140625
0 0.45 0.4990234375 0.040625 0.115234375
0 0.42265625 0.462890625 0.0203125 0.046875
2 0.7328125 0.5947265625 0.1875 0.181640625
2 0.68828125 0.5146484375 0.1296875 0.150390625
2 0.62265625 0.494140625 0.0890625 0.1171875
2 0.203125 0.51953125 0.153125 0.1328125
2 0.29765625 0.5107421875 0.0484375 0.091796875
2 0.328125 0.5009765625 0.040625 0.072265625
2 0.346875 0.490234375 0.028125 0.05078125
2 0.35859375 0.4677734375 0.0515625 0.060546875
2 0.29765625 0.4443359375 0.0484375 0.037109375
2 0.4015625 0.462890625 0.03125 0.04296875
2 0.47890625 0.4443359375 0.0265625 0.025390625
2 0.5859375 0.490234375 0.04375 0.078125
