2 0.33984375 0.5009765625 0.1546875 0.111328125
2 0.42421875 0.4716796875 0.0734375 0.087890625
2 0.47734375 0.458984375 0.0421875 0.0703125
1 0.2453125 0.51171875 0.025 0.05859375
0 0.7109375 0.4365234375 0.015625 0.021484375
0 0.7015625 0.46484375 0.01875 0.046875
1 0.9890625 0.4853515625 0.015625 0.044921875
0 0.7859375 0.44140625 0.01875 0.0390625
0 0.6 0.4560546875 0.01875 0.041015625
0 0.5828125 0.4560546875 0.015625 0.044921875
2 0.325 0.4423828125 0.05625 0.021484375
0 0.24765625 0.4541015625 0.0296875 0.052734375
0 0.1453125 0.4345703125 0.01875 0.037109375
