0 0.821875 0.4609375 0.046875 0.21484375
0 0.146875 0.4833984375 0.05625 0.208984375
1 0.2796875 0.5 0.021875 0.05859375
0 0.0703125 0.451171875 0.028125 0.09765625
0 0.0421875 0.447265625 0.015625 0.0859375
0 0.46953125 0.4482421875 0.0140625 0.052734375
2 0.359375 0.44921875 0.11875 0.05078125
1 0.67890625 0.505859375 0.0671875 0.07421875
1 0.09609375 0.498046875 0.0421875 0.05859375
1 0.76484375 0.5126953125 0.0671875 0.091796875
1 0.53984375 0.466796875 0.0234375 0.04296875
1 0.021875 0.494140625 0.046875 0.0625
0 0.24609375 0.44921875 0.0171875 0.07421875
0 0.27890625 0.431640625 0.0296875 0.078125
1 0.58828125 0.4609375 0.0234375 0.03125
0 0.2234375 0.4501953125 0.009375 0.048828125
