2 0.97421875 0.599609375 0.0453125 0.15625
2 0.8625 0.4931640625 0.265625 0.326171875
2 0.72421875 0.5302734375 0.0421875 0.087890625
2 0.71328125 0.4970703125 0.0703125 0.146484375
0 0.65390625 0.51171875 0.0234375 0.12109375
2 0.628125 0.509765625 0.034375 0.1015625
2 0.5890625 0.4990234375 0.04375 0.068359375
2 0.52890625 0.5 0.0953125 0.20703125
0 0.47421875 0.5263671875 0.0859375 0.275390625
1 0.484375 0.6376953125 0.040625 0.134765625
0 0.41171875 0.470703125 0.0328125 0.078125
1 0.4140625 0.515625 0.01875 0.05078125
2 0.38203125 0.49609375 0.0203125 0.0390625
2 0.33203125 0.4921875 0.0828125 0.1015625
2 0.26484375 0.5146484375 0.1046875 0.119140625
0 0.18984375 0.509765625 0.0578125 0.22265625
2 0.153125 0.5234375 0.046875 0.15234375
2 0.06640625 0.486328125 0.1359375 0.3828125
2 0.4390625 0.5048828125 0.046875 0.193359375
