0 0.5859375 0.5185546875 0.046875 0.158203125
0 0.55546875 0.501953125 0.0484375 0.1796875
0 0.43984375 0.4833984375 0.0359375 0.154296875
0 0.40703125 0.48828125 0.0484375 0.1484375
0 0.3734375 0.462890625 0.034375 0.1328125
0 0.32578125 0.453125 0.0484375 0.140625
0 0.3 0.4248046875 0.028125 0.083984375
0 0.275 0.455078125 0.040625 0.125
0 0.25390625 0.41015625 0.0203125 0.0703125
0 0.23359375 0.4599609375 0.0421875 0.126953125
0 0.19765625 0.4443359375 0.0453125 0.130859375
2 0.1703125 0.4326171875 0.034375 0.060546875
2 0.46953125 0.4482421875 0.0453125 0.064453125
2 0.621875 0.4677734375 0.0375 0.072265625
2 0.70546875 0.4287109375 0.0796875 0.037109375
2 0.83828125 0.435546875 0.0796875 0.02734375
2 0.6859375 0.44921875 0.0875 0.0390625
2 0.890625 0.4462890625 0.075 0.025390625
