2 0.54921875 0.46875 0.1109375 0.046875
0 0.890625 0.5009765625 0.0375 0.126953125
0 0.8671875 0.501953125 0.040625 0.12890625
0 0.75859375 0.4814453125 0.0265625 0.083984375
0 0.78984375 0.47265625 0.0203125 0.09375
0 0.43359375 0.47265625 0.0296875 0.08984375
0 0.39765625 0.4755859375 0.0296875 0.072265625
1 0.03203125 0.5048828125 0.0640625 0.115234375
0 0.215625 0.451171875 0.025 0.0625
0 0.18359375 0.4453125 0.0265625 0.0625
0 0.48203125 0.458984375 0.0140625 0.04296875
0 0.4703125 0.4580078125 0.01875 0.044921875
0 0.45703125 0.4580078125 0.0140625 0.041015625
0 0.8109375 0.4638671875 0.021875 0.044921875
0 0.740625 0.4658203125 0.025 0.041015625
1 0.08671875 0.51171875 0.0578125 0.1015625
1 0.13828125 0.494140625 0.0328125 0.0625
