2 0.4625 0.5126953125 0.146875 0.119140625
0 0.0375 0.50390625 0.025 0.08203125
0 0.01796875 0.498046875 0.0234375 0.08984375
0 0.7171875 0.470703125 0.034375 0.12890625
0 0.75078125 0.474609375 0.0296875 0.1484375
0 0.609375 0.4638671875 0.021875 0.064453125
2 0.8046875 0.462890625 0.05625 0.08203125
2 0.92578125 0.447265625 0.1421875 0.140625
2 0.95 0.4833984375 0.09375 0.119140625
0 0.63125 0.447265625 0.025 0.05078125
2 0.64140625 0.443359375 0.0265625 0.02734375
0 0.12265625 0.486328125 0.0234375 0.03125
0 0.5703125 0.45703125 0.01875 0.05078125
0 0.55625 0.4560546875 0.01875 0.044921875
