1 0.64921875 0.61328125 0.0671875 0.2265625
1 0.534375 0.615234375 0.0375 0.203125
1 0.37734375 0.505859375 0.0140625 0.0625
1 0.96953125 0.544921875 0.0453125 0.1015625
1 0.93046875 0.52734375 0.0640625 0.14453125
0 0.809375 0.4453125 0.015625 0.04296875
0 0.296875 0.44921875 0.015625 0.0234375
1 0.8453125 0.521484375 0.065625 0.125
0 0.653125 0.4482421875 0.1 0.302734375
0 0.53515625 0.4912109375 0.0671875 0.306640625
0 0.371875 0.4482421875 0.03125 0.064453125
1 0.8015625 0.5302734375 0.05 0.091796875
