0 0.575 0.4384765625 0.025 0.083984375
0 0.55390625 0.4404296875 0.0234375 0.083984375
0 0.409375 0.4287109375 0.025 0.068359375
2 0.6328125 0.4482421875 0.090625 0.103515625
2 0.359375 0.4345703125 0.06875 0.064453125
2 0.20390625 0.4345703125 0.0703125 0.052734375
2 0.13203125 0.416015625 0.0484375 0.0625
2 0.0828125 0.4267578125 0.08125 0.087890625
2 0.11640625 0.40234375 0.1015625 0.08203125
2 0.43046875 0.4267578125 0.0265625 0.041015625
2 0.2734375 0.447265625 0.1125 0.1015625
2 0.45078125 0.4248046875 0.0203125 0.033203125
2 0.459375 0.419921875 0.028125 0.0390625
