2 0.28515625 0.4169921875 0.1546875 0.091796875
2 0.16328125 0.4140625 0.0734375 0.06640625
0 0.259375 0.4482421875 0.0375 0.091796875
0 0.31953125 0.455078125 0.0484375 0.08984375
1 0.259375 0.5 0.06875 0.07421875
1 0.32265625 0.494140625 0.0484375 0.04296875
1 0.375 0.4853515625 0.0375 0.041015625
0 0.37734375 0.4443359375 0.0328125 0.072265625
0 0.41171875 0.42578125 0.0359375 0.09765625
0 0.44140625 0.4306640625 0.0265625 0.076171875
1 0.41484375 0.4794921875 0.0296875 0.068359375
1 0.4421875 0.47265625 0.03125 0.0546875
0 0.48359375 0.427734375 0.0359375 0.08984375
1 0.48515625 0.466796875 0.0453125 0.046875
0 0.52890625 0.443359375 0.0328125 0.078125
1 0.5296875 0.4677734375 0.046875 0.044921875
0 0.58515625 0.4365234375 0.0453125 0.072265625
1 0.5875 0.4677734375 0.040625 0.041015625
1 0.20390625 0.50390625 0.0984375 0.0546875
0 0.19921875 0.4560546875 0.0453125 0.103515625
