1 0.84453125 0.576171875 0.0859375 0.1328125
0 0.46484375 0.453125 0.0203125 0.04296875
0 0.44375 0.455078125 0.021875 0.04296875
0 0.10625 0.4599609375 0.025 0.091796875
0 0.1296875 0.455078125 0.025 0.0859375
0 0.178125 0.4580078125 0.028125 0.072265625
2 0.57421875 0.466796875 0.0453125 0.046875
2 0.3625 0.455078125 0.053125 0.06640625
1 0.96328125 0.685546875 0.0609375 0.15625
2 0.3984375 0.4619140625 0.025 0.041015625
2 0.41484375 0.4580078125 0.0203125 0.037109375
2 0.42421875 0.455078125 0.0203125 0.03515625
0 0.07578125 0.435546875 0.0203125 0.02734375
