0 0.721875 0.5087890625 0.059375 0.150390625
0 0.590625 0.49609375 0.01875 0.0234375
1 0.59140625 0.513671875 0.0171875 0.01953125
2 0.5421875 0.529296875 0.096875 0.0859375
2 0.465625 0.50390625 0.0375 0.04296875
2 0.44296875 0.5029296875 0.0203125 0.025390625
2 0.41796875 0.4970703125 0.0296875 0.025390625
2 0.39921875 0.5009765625 0.0203125 0.025390625
2 0.38359375 0.494140625 0.0203125 0.0234375
2 0.346875 0.505859375 0.053125 0.06640625
2 0.35078125 0.5166015625 0.0203125 0.037109375
2 0.3296875 0.5244140625 0.034375 0.052734375
2 0.2890625 0.525390625 0.06875 0.078125
2 0.1703125 0.5087890625 0.05 0.060546875
2 0.2234375 0.5478515625 0.115625 0.115234375
2 0.0796875 0.580078125 0.1625 0.33984375
