1 0.92890625 0.5830078125 0.0578125 0.095703125
1 0.778125 0.541015625 0.04375 0.0703125
1 0.70234375 0.529296875 0.0265625 0.06640625
1 0.6546875 0.5126953125 0.03125 0.052734375
1 0.61171875 0.501953125 0.0234375 0.05078125
1 0.57890625 0.4970703125 0.0234375 0.041015625
0 0.9328125 0.5068359375 0.0625 0.181640625
0 0.77578125 0.5029296875 0.0421875 0.119140625
0 0.6984375 0.49609375 0.03125 0.08203125
0 0.6515625 0.4892578125 0.03125 0.076171875
0 0.6109375 0.486328125 0.021875 0.0625
0 0.58203125 0.474609375 0.0265625 0.0625
2 0.97109375 0.50390625 0.0359375 0.10546875
2 0.8984375 0.486328125 0.04375 0.08984375
2 0.065625 0.43359375 0.06875 0.046875
