2 0.3078125 0.5283203125 0.11875 0.107421875
2 0.365625 0.5068359375 0.046875 0.068359375
2 0.6328125 0.48046875 0.0625 0.05859375
2 0.9515625 0.5068359375 0.0875 0.119140625
2 0.96953125 0.5400390625 0.0546875 0.123046875
2 0.89140625 0.50390625 0.0578125 0.078125
0 0.803125 0.5634765625 0.04375 0.154296875
2 0.38984375 0.498046875 0.0328125 0.05859375
2 0.4078125 0.490234375 0.028125 0.046875
2 0.4265625 0.486328125 0.03125 0.046875
2 0.4421875 0.478515625 0.028125 0.04296875
2 0.46015625 0.4716796875 0.0234375 0.037109375
