0 0.5375 0.4755859375 0.028125 0.087890625
0 0.48828125 0.46875 0.0296875 0.08203125
2 0.2125 0.560546875 0.16875 0.14453125
2 0.32265625 0.509765625 0.0828125 0.08203125
2 0.36953125 0.494140625 0.0515625 0.0703125
2 0.38828125 0.478515625 0.0609375 0.0703125
2 0.43203125 0.4658203125 0.0359375 0.041015625
2 0.609375 0.4873046875 0.046875 0.080078125
2 0.68203125 0.5087890625 0.0859375 0.095703125
2 0.69921875 0.5380859375 0.0703125 0.119140625
2 0.821875 0.5751953125 0.2625 0.244140625
0 0.5875 0.4931640625 0.034375 0.083984375
1 0.4875 0.494140625 0.01875 0.04296875
2 0.62890625 0.4990234375 0.0546875 0.076171875
2 0.0234375 0.517578125 0.05 0.1015625
