2 0.6921875 0.5751953125 0.11875 0.134765625
2 0.56484375 0.6357421875 0.2828125 0.212890625
2 0.37265625 0.5439453125 0.0484375 0.068359375
2 0.30390625 0.556640625 0.0984375 0.08203125
0 0.87890625 0.64453125 0.0765625 0.234375
0 0.81875 0.6396484375 0.0625 0.216796875
0 0.23125 0.56640625 0.05625 0.1640625
2 0.12578125 0.5703125 0.1703125 0.13671875
2 0.62890625 0.5302734375 0.0328125 0.033203125
2 0.596875 0.52734375 0.0375 0.02734375
2 0.4109375 0.5400390625 0.034375 0.052734375
2 0.4375 0.5361328125 0.025 0.041015625
2 0.45234375 0.525390625 0.0328125 0.0390625
2 0.021875 0.5 0.046875 0.09375
2 0.146875 0.490234375 0.078125 0.03125
