2 0.93046875 0.5927734375 0.1328125 0.298828125
0 0.68125 0.4599609375 0.021875 0.072265625
0 0.6546875 0.462890625 0.0125 0.0390625
0 0.64765625 0.4609375 0.0171875 0.05078125
0 0.6078125 0.4560546875 0.021875 0.064453125
2 0.565625 0.46484375 0.053125 0.0703125
2 0.534375 0.458984375 0.021875 0.05078125
2 0.52265625 0.453125 0.0234375 0.04296875
2 0.51015625 0.44921875 0.0203125 0.0390625
2 0.453125 0.439453125 0.01875 0.0234375
2 0.41796875 0.4375 0.0234375 0.0234375
2 0.42890625 0.4599609375 0.0390625 0.048828125
2 0.36796875 0.46484375 0.0484375 0.05078125
2 0.33125 0.4677734375 0.046875 0.056640625
2 0.275 0.47265625 0.084375 0.09375
0 0.0796875 0.4677734375 0.01875 0.083984375
