0 0.4171875 0.4765625 0.025 0.0703125
0 0.440625 0.4677734375 0.03125 0.091796875
0 0.62265625 0.462890625 0.0234375 0.0859375
0 0.59375 0.4638671875 0.025 0.072265625
2 0.8328125 0.46875 0.028125 0.06640625
2 0.9234375 0.443359375 0.146875 0.13671875
2 0.95078125 0.490234375 0.0921875 0.125
2 0.80703125 0.46484375 0.0578125 0.0703125
0 0.16875 0.4814453125 0.021875 0.052734375
0 0.478125 0.4560546875 0.0125 0.044921875
0 0.1265625 0.486328125 0.01875 0.03125
0 0.671875 0.4287109375 0.021875 0.029296875
2 0.64296875 0.4443359375 0.0265625 0.025390625
2 0.728125 0.4541015625 0.034375 0.060546875
