0 0.975 0.6328125 0.040625 0.39453125
0 0.78359375 0.5390625 0.0578125 0.25
0 0.6375 0.45703125 0.01875 0.0703125
2 0.70625 0.48046875 0.0625 0.0703125
2 0.859375 0.4892578125 0.090625 0.103515625
2 0.91328125 0.498046875 0.1546875 0.11328125
2 0.4015625 0.45703125 0.053125 0.046875
2 0.340625 0.46484375 0.08125 0.078125
2 0.25859375 0.4580078125 0.1015625 0.072265625
2 0.1296875 0.515625 0.184375 0.19140625
2 0.03671875 0.537109375 0.0703125 0.21875
2 0.571875 0.451171875 0.0375 0.04296875
2 0.53671875 0.439453125 0.0203125 0.0234375
2 0.42265625 0.443359375 0.0359375 0.046875
2 0.41640625 0.4482421875 0.0359375 0.044921875
2 0.465625 0.4375 0.025 0.03125
2 0.6 0.4482421875 0.021875 0.033203125
2 0.65625 0.4609375 0.03125 0.0390625
