0 0.9171875 0.46875 0.03125 0.12890625
0 0.8890625 0.4609375 0.028125 0.11328125
0 0.86484375 0.474609375 0.0421875 0.171875
0 0.83359375 0.46484375 0.0265625 0.09765625
2 0.6515625 0.4921875 0.153125 0.14453125
0 0.559375 0.455078125 0.009375 0.03125
0 0.5375 0.4521484375 0.009375 0.025390625
2 0.4421875 0.458984375 0.053125 0.05859375
2 0.40625 0.455078125 0.0125 0.015625
2 0.38828125 0.4580078125 0.0265625 0.029296875
2 0.3640625 0.458984375 0.021875 0.03125
0 0.29375 0.462890625 0.0125 0.0234375
2 0.19609375 0.4912109375 0.0984375 0.087890625
2 0.05625 0.5087890625 0.115625 0.185546875
