2 0.16328125 0.5654296875 0.2046875 0.158203125
2 0.24921875 0.5224609375 0.0828125 0.095703125
2 0.28203125 0.51171875 0.0765625 0.07421875
2 0.31875 0.5029296875 0.04375 0.056640625
2 0.3234375 0.4853515625 0.084375 0.087890625
2 0.36796875 0.4833984375 0.0296875 0.052734375
2 0.3859375 0.4736328125 0.04375 0.044921875
2 0.5875 0.4755859375 0.05 0.037109375
2 0.6546875 0.5185546875 0.115625 0.099609375
2 0.81640625 0.619140625 0.2453125 0.203125
2 0.8796875 0.5087890625 0.084375 0.091796875
2 0.97265625 0.5810546875 0.0484375 0.134765625
2 0.79609375 0.4873046875 0.0421875 0.060546875
2 0.409375 0.462890625 0.028125 0.0390625
2 0.42890625 0.4580078125 0.0234375 0.041015625
0 0.4453125 0.45703125 0.015625 0.04296875
2 0.71328125 0.4775390625 0.0359375 0.068359375
2 0.6921875 0.458984375 0.0625 0.03125
2 0.82109375 0.478515625 0.0328125 0.0859375
