2 0.02578125 0.6455078125 0.0546875 0.169921875
2 0.09921875 0.5830078125 0.1953125 0.154296875
2 0.21484375 0.5185546875 0.1265625 0.134765625
2 0.28046875 0.4990234375 0.0734375 0.091796875
0 0.3234375 0.4990234375 0.025 0.083984375
0 0.60234375 0.5556640625 0.0609375 0.220703125
0 0.45078125 0.548828125 0.0578125 0.20703125
1 0.45390625 0.615234375 0.0265625 0.1015625
1 0.403125 0.48828125 0.01875 0.03515625
2 0.89765625 0.74609375 0.1984375 0.4609375
2 0.80859375 0.6123046875 0.2796875 0.259765625
2 0.6765625 0.5556640625 0.0875 0.138671875
2 0.57265625 0.47265625 0.0359375 0.05078125
2 0.740625 0.453125 0.065625 0.04296875
2 0.71796875 0.44921875 0.0765625 0.05078125
2 0.6359375 0.447265625 0.059375 0.03125
2 0.34609375 0.49609375 0.0265625 0.0625
2 0.37578125 0.4697265625 0.0453125 0.044921875
2 0.125 0.4775390625 0.065625 0.052734375
2 0.5515625 0.466796875 0.03125 0.046875
0 0.40546875 0.4677734375 0.0234375 0.068359375
