2 0.2703125 0.466796875 0.103125 0.0703125
2 0.18125 0.45703125 0.096875 0.0546875
2 0.1125 0.4453125 0.071875 0.05078125
0 0.68984375 0.53515625 0.0484375 0.1484375
0 0.72578125 0.478515625 0.0421875 0.08203125
0 0.4125 0.4609375 0.025 0.07421875
0 0.39296875 0.453125 0.0203125 0.06640625
1 0.8609375 0.5107421875 0.06875 0.068359375
1 0.821875 0.509765625 0.04375 0.0625
0 0.240625 0.4365234375 0.021875 0.044921875
2 0.01953125 0.4326171875 0.0421875 0.060546875
1 0.38515625 0.4931640625 0.0234375 0.044921875
