0 0.90625 0.5068359375 0.034375 0.123046875
0 0.76796875 0.5419921875 0.0359375 0.095703125
0 0.75390625 0.4658203125 0.0234375 0.060546875
2 0.6765625 0.5107421875 0.146875 0.138671875
2 0.6015625 0.50390625 0.04375 0.0859375
2 0.5640625 0.484375 0.053125 0.05859375
2 0.53828125 0.47265625 0.0234375 0.03125
2 0.52265625 0.46875 0.0203125 0.03125
2 0.4828125 0.4833984375 0.05625 0.060546875
2 0.44609375 0.4365234375 0.0140625 0.017578125
2 0.45234375 0.453125 0.0109375 0.01953125
2 0.421875 0.4794921875 0.01875 0.025390625
2 0.40859375 0.4814453125 0.0171875 0.037109375
2 0.3734375 0.486328125 0.075 0.08203125
0 0.0234375 0.505859375 0.021875 0.046875
0 0.00546875 0.501953125 0.0140625 0.05859375
