1 0.56796875 0.5595703125 0.0328125 0.123046875
1 0.48046875 0.5693359375 0.0234375 0.123046875
1 0.94921875 0.677734375 0.0953125 0.171875
0 0.71484375 0.5 0.0328125 0.140625
0 0.6734375 0.4990234375 0.021875 0.083984375
2 0.4 0.486328125 0.034375 0.02734375
2 0.3546875 0.4931640625 0.034375 0.037109375
1 0.0953125 0.5126953125 0.05 0.091796875
1 0.62734375 0.513671875 0.0296875 0.07421875
0 0.94375 0.529296875 0.10625 0.30078125
0 0.5671875 0.490234375 0.0625 0.2265625
0 0.4828125 0.5 0.05 0.203125
0 0.4515625 0.4833984375 0.0125 0.041015625
1 0.159375 0.5185546875 0.03125 0.052734375
