2 0.5203125 0.5078125 0.125 0.1328125
2 0.57109375 0.4462890625 0.0453125 0.033203125
2 0.43125 0.4326171875 0.03125 0.033203125
0 0.16953125 0.4599609375 0.0296875 0.068359375
0 0.66171875 0.447265625 0.0234375 0.04296875
0 0.8171875 0.478515625 0.0375 0.11328125
0 0.96640625 0.4873046875 0.0328125 0.115234375
0 0.771875 0.4453125 0.01875 0.0390625
0 0.98671875 0.482421875 0.0203125 0.1015625
0 0.3734375 0.4423828125 0.01875 0.033203125
2 0.51328125 0.4326171875 0.0265625 0.033203125
2 0.47109375 0.47265625 0.0421875 0.05078125
