2 0.5328125 0.4697265625 0.059375 0.052734375
2 0.4828125 0.501953125 0.08125 0.0703125
0 0.43984375 0.4775390625 0.0234375 0.076171875
2 0.403125 0.478515625 0.06875 0.0703125
2 0.246875 0.513671875 0.1 0.09765625
2 0.1578125 0.515625 0.040625 0.1015625
2 0.3203125 0.56640625 0.18125 0.140625
2 0.79375 0.521484375 0.059375 0.09375
2 0.8453125 0.548828125 0.1375 0.1328125
2 0.7921875 0.494140625 0.09375 0.0859375
2 0.746875 0.486328125 0.040625 0.06640625
2 0.71640625 0.4755859375 0.0234375 0.037109375
2 0.6046875 0.447265625 0.021875 0.0234375
2 0.68359375 0.455078125 0.0203125 0.02734375
2 0.68984375 0.4619140625 0.0234375 0.029296875
