0 0.7546875 0.537109375 0.046875 0.08203125
0 0.78828125 0.546875 0.0359375 0.09375
0 0.26875 0.5263671875 0.053125 0.146484375
2 0.328125 0.5224609375 0.084375 0.076171875
2 0.165625 0.5380859375 0.159375 0.126953125
2 0.378125 0.5126953125 0.05 0.060546875
2 0.6296875 0.6181640625 0.38125 0.228515625
2 0.67890625 0.50390625 0.0984375 0.04296875
2 0.59609375 0.4990234375 0.0421875 0.025390625
2 0.41328125 0.51171875 0.0453125 0.05078125
2 0.4421875 0.5087890625 0.021875 0.041015625
2 0.44921875 0.4970703125 0.0359375 0.041015625
2 0.02421875 0.5 0.0515625 0.08984375
2 0.03671875 0.46875 0.0734375 0.09375
