2 0.02734375 0.583984375 0.0578125 0.19921875
2 0.0390625 0.46484375 0.08125 0.12890625
2 0.109375 0.4716796875 0.075 0.091796875
2 0.30859375 0.494140625 0.1140625 0.09375
2 0.3765625 0.4853515625 0.05625 0.076171875
2 0.41875 0.4697265625 0.05 0.056640625
2 0.475 0.4580078125 0.034375 0.041015625
2 0.81171875 0.48046875 0.1203125 0.09765625
2 0.91796875 0.490234375 0.1578125 0.09765625
2 0.8640625 0.583984375 0.215625 0.1953125
0 0.71484375 0.51953125 0.0703125 0.21875
0 0.6375 0.4921875 0.028125 0.12109375
0 0.3328125 0.4384765625 0.028125 0.025390625
2 0.43984375 0.466796875 0.0296875 0.0546875
2 0.45390625 0.46484375 0.0296875 0.05078125
2 0.59609375 0.451171875 0.0265625 0.03125
2 0.496875 0.455078125 0.01875 0.0234375
2 0.5015625 0.4453125 0.025 0.03125
0 0.65703125 0.4814453125 0.0234375 0.107421875
