2 0.71328125 0.51171875 0.1640625 0.14453125
1 0.825 0.525390625 0.021875 0.05859375
1 0.1546875 0.533203125 0.046875 0.0703125
0 0.62890625 0.470703125 0.0234375 0.07421875
0 0.11953125 0.4814453125 0.0203125 0.107421875
0 0.2140625 0.4677734375 0.015625 0.052734375
0 0.2359375 0.46875 0.01875 0.05859375
0 0.33671875 0.46875 0.0171875 0.0546875
1 0.5859375 0.4931640625 0.01875 0.056640625
1 0.5546875 0.4990234375 0.028125 0.041015625
0 0.56015625 0.4560546875 0.0140625 0.044921875
0 0.1671875 0.4609375 0.046875 0.078125
0 0.3609375 0.4521484375 0.00625 0.029296875
0 0.3546875 0.4580078125 0.009375 0.029296875
1 0.35546875 0.4833984375 0.0109375 0.025390625
2 0.3984375 0.4658203125 0.01875 0.021484375
1 0.26484375 0.4814453125 0.0296875 0.041015625
