2 0.9265625 0.5498046875 0.140625 0.279296875
2 0.70859375 0.474609375 0.1453125 0.15234375
2 0.6171875 0.4755859375 0.046875 0.060546875
2 0.58203125 0.47265625 0.0359375 0.05859375
2 0.5296875 0.45703125 0.0375 0.03515625
2 0.47421875 0.4560546875 0.0265625 0.029296875
2 0.41640625 0.455078125 0.0234375 0.03125
2 0.40078125 0.4560546875 0.0234375 0.029296875
2 0.38359375 0.4560546875 0.0203125 0.033203125
2 0.36875 0.455078125 0.025 0.0390625
2 0.3515625 0.4599609375 0.021875 0.033203125
2 0.28984375 0.4560546875 0.0671875 0.068359375
