0 0.86328125 0.5341796875 0.0484375 0.201171875
2 0.03125 0.564453125 0.065625 0.171875
2 0.1921875 0.513671875 0.1375 0.109375
2 0.2796875 0.5009765625 0.078125 0.083984375
2 0.3375 0.48828125 0.0625 0.05859375
2 0.53515625 0.4599609375 0.0359375 0.033203125
2 0.61171875 0.4921875 0.0796875 0.08984375
0 0.57890625 0.474609375 0.0234375 0.0546875
2 0.91015625 0.4814453125 0.0859375 0.095703125
2 0.3640625 0.4814453125 0.046875 0.060546875
2 0.39921875 0.470703125 0.0484375 0.05859375
2 0.44140625 0.4619140625 0.0234375 0.037109375
2 0.4609375 0.4609375 0.021875 0.02734375
