0 0.95546875 0.5 0.0609375 0.28515625
0 0.8734375 0.494140625 0.06875 0.28515625
2 0.8078125 0.466796875 0.059375 0.0703125
0 0.64296875 0.4658203125 0.0265625 0.064453125
0 0.62578125 0.4638671875 0.0203125 0.072265625
0 0.546875 0.45703125 0.021875 0.04296875
0 0.5734375 0.4541015625 0.021875 0.044921875
0 0.60625 0.4609375 0.021875 0.05859375
2 0.928125 0.49609375 0.05 0.0703125
0 0.16796875 0.4765625 0.0203125 0.04296875
0 0.12734375 0.486328125 0.0203125 0.03515625
2 0.728125 0.458984375 0.040625 0.05078125
