2 0.90390625 0.7880859375 0.1828125 0.384765625
2 0.6828125 0.541015625 0.1375 0.125
2 0.63515625 0.5126953125 0.0859375 0.091796875
2 0.35703125 0.46875 0.0515625 0.0546875
2 0.30546875 0.4970703125 0.0703125 0.080078125
2 0.196875 0.5185546875 0.159375 0.166015625
0 0.34296875 0.4833984375 0.0265625 0.091796875
1 0.34609375 0.513671875 0.0203125 0.0546875
2 0.38359375 0.458984375 0.0265625 0.04296875
2 0.3984375 0.4462890625 0.034375 0.044921875
0 0.4765625 0.447265625 0.015625 0.0546875
2 0.49140625 0.4365234375 0.0234375 0.029296875
0 0.43671875 0.4482421875 0.0203125 0.056640625
0 0.515625 0.4501953125 0.03125 0.044921875
2 0.525 0.4541015625 0.028125 0.044921875
2 0.56953125 0.458984375 0.0609375 0.0703125
2 0.6140625 0.4814453125 0.078125 0.083984375
