1 0.6140625 0.5947265625 0.05625 0.201171875
1 0.4828125 0.5908203125 0.040625 0.177734375
1 0.37578125 0.5009765625 0.0171875 0.068359375
0 0.84140625 0.4521484375 0.0359375 0.060546875
0 0.91796875 0.427734375 0.0328125 0.02734375
1 0.74609375 0.53515625 0.0546875 0.14453125
1 0.7 0.5107421875 0.028125 0.099609375
1 0.8671875 0.544921875 0.128125 0.1328125
1 0.803125 0.513671875 0.05625 0.109375
1 0.65546875 0.51171875 0.0171875 0.0859375
0 0.6140625 0.404296875 0.075 0.1796875
0 0.4796875 0.4267578125 0.06875 0.162109375
0 0.3765625 0.439453125 0.03125 0.0625
0 0.30703125 0.4453125 0.0140625 0.0234375
