0 0.5578125 0.4619140625 0.028125 0.044921875
0 0.59296875 0.4580078125 0.0203125 0.056640625
0 0.18125 0.4111328125 0.021875 0.041015625
0 0.228125 0.4482421875 0.025 0.076171875
0 0.25078125 0.4541015625 0.0265625 0.083984375
0 0.2765625 0.4521484375 0.025 0.087890625
2 0.6203125 0.490234375 0.04375 0.07421875
2 0.67421875 0.501953125 0.1234375 0.125
0 0.51328125 0.4521484375 0.0109375 0.037109375
0 0.4546875 0.45703125 0.01875 0.05078125
0 0.2921875 0.4521484375 0.01875 0.064453125
0 0.3109375 0.453125 0.01875 0.0625
