2 0.5515625 0.4599609375 0.04375 0.052734375
2 0.51171875 0.4306640625 0.0328125 0.033203125
2 0.440625 0.4287109375 0.021875 0.029296875
2 0.58125 0.4755859375 0.065625 0.064453125
0 0.84375 0.4853515625 0.040625 0.123046875
0 0.071875 0.4560546875 0.034375 0.044921875
0 0.2453125 0.4482421875 0.01875 0.052734375
0 0.33515625 0.443359375 0.0234375 0.04296875
0 0.03671875 0.5087890625 0.0296875 0.099609375
0 0.021875 0.5068359375 0.03125 0.099609375
0 0.965625 0.4755859375 0.021875 0.107421875
1 0.20234375 0.484375 0.0265625 0.03515625
