0 0.55 0.517578125 0.025 0.11328125
0 0.39609375 0.4609375 0.0203125 0.0625
2 0.1015625 0.4736328125 0.10625 0.076171875
2 0.06484375 0.626953125 0.1328125 0.22265625
2 0.140625 0.5634765625 0.140625 0.138671875
2 0.1953125 0.5244140625 0.08125 0.091796875
2 0.24140625 0.5068359375 0.0765625 0.083984375
2 0.3015625 0.490234375 0.096875 0.06640625
2 0.521875 0.4794921875 0.046875 0.052734375
2 0.50234375 0.4619140625 0.0328125 0.044921875
2 0.61796875 0.513671875 0.1109375 0.1171875
2 0.7203125 0.5810546875 0.184375 0.166015625
2 0.84765625 0.6796875 0.2984375 0.27734375
2 0.94453125 0.8603515625 0.0984375 0.271484375
2 0.83828125 0.46484375 0.0796875 0.0546875
2 0.97265625 0.4658203125 0.0484375 0.060546875
2 0.53125 0.490234375 0.028125 0.0625
0 0.38046875 0.46484375 0.0140625 0.05859375
0 0.37109375 0.466796875 0.0140625 0.0703125
2 0.32265625 0.4521484375 0.0453125 0.044921875
2 0.47734375 0.4482421875 0.0234375 0.033203125
