0 0.9875 0.494140625 0.01875 0.125
2 0.928125 0.4755859375 0.103125 0.107421875
0 0.84921875 0.4853515625 0.0265625 0.091796875
0 0.82109375 0.486328125 0.0265625 0.09375
0 0.79296875 0.48828125 0.0296875 0.09375
2 0.6703125 0.490234375 0.08125 0.0703125
2 0.59453125 0.4775390625 0.0421875 0.041015625
0 0.571875 0.4716796875 0.009375 0.037109375
2 0.5515625 0.4716796875 0.0375 0.041015625
0 0.5234375 0.466796875 0.01875 0.0390625
2 0.50703125 0.458984375 0.0203125 0.02734375
2 0.48046875 0.46484375 0.0328125 0.04296875
2 0.4046875 0.47265625 0.0625 0.06640625
2 0.36484375 0.474609375 0.0234375 0.03125
0 0.0328125 0.462890625 0.021875 0.04296875
2 0.1203125 0.494140625 0.19375 0.171875
