2 0.92109375 0.513671875 0.1484375 0.14453125
0 0.7875 0.5224609375 0.025 0.130859375
2 0.8203125 0.494140625 0.04375 0.08203125
2 0.7328125 0.494140625 0.078125 0.078125
2 0.70546875 0.470703125 0.0859375 0.06640625
2 0.0296875 0.6044921875 0.0625 0.232421875
2 0.11015625 0.57421875 0.1609375 0.1640625
2 0.18828125 0.5302734375 0.1234375 0.130859375
2 0.26875 0.5146484375 0.0875 0.087890625
2 0.28515625 0.486328125 0.0796875 0.09375
2 0.3765625 0.458984375 0.04375 0.05078125
2 0.3984375 0.4482421875 0.0375 0.037109375
2 0.5 0.435546875 0.028125 0.02734375
