2 0.23125 0.4912109375 0.153125 0.142578125
2 0.32265625 0.4853515625 0.0515625 0.083984375
2 0.38046875 0.4814453125 0.0546875 0.056640625
2 0.4015625 0.4521484375 0.05625 0.056640625
2 0.50625 0.4609375 0.05 0.046875
2 0.61875 0.4736328125 0.053125 0.068359375
2 0.8515625 0.6123046875 0.28125 0.294921875
2 0.81015625 0.4658203125 0.0984375 0.083984375
0 0.590625 0.4755859375 0.034375 0.107421875
0 0.56015625 0.4736328125 0.0265625 0.068359375
0 0.446875 0.455078125 0.01875 0.05859375
0 0.434375 0.4619140625 0.01875 0.056640625
2 0.67890625 0.4931640625 0.1203125 0.119140625
2 0.7234375 0.4619140625 0.053125 0.068359375
2 0.33125 0.47265625 0.06875 0.0859375
0 0.47734375 0.4541015625 0.0203125 0.037109375
