2 0.0578125 0.458984375 0.11875 0.125
3 0.1828125 0.5107421875 0.021875 0.029296875
0 0.20625 0.4755859375 0.03125 0.103515625
2 0.30390625 0.4599609375 0.1046875 0.056640625
2 0.559375 0.4658203125 0.040625 0.041015625
2 0.615625 0.4794921875 0.04375 0.056640625
2 0.6609375 0.490234375 0.078125 0.09375
2 0.709375 0.5029296875 0.109375 0.099609375
2 0.73359375 0.5361328125 0.0765625 0.119140625
2 0.81484375 0.56640625 0.1859375 0.17578125
2 0.484375 0.4580078125 0.028125 0.025390625
2 0.50625 0.4541015625 0.021875 0.025390625
2 0.23125 0.453125 0.034375 0.05859375
2 0.178125 0.4501953125 0.04375 0.056640625
2 0.15234375 0.4541015625 0.0296875 0.076171875
2 0.096875 0.447265625 0.1 0.10546875
