2 0.70859375 0.4521484375 0.1421875 0.103515625
0 0.8578125 0.4599609375 0.021875 0.107421875
2 0.47734375 0.41796875 0.0609375 0.02734375
2 0.45703125 0.4599609375 0.1078125 0.076171875
2 0.34765625 0.43359375 0.0828125 0.05859375
2 0.25078125 0.4404296875 0.0546875 0.068359375
2 0.15546875 0.44140625 0.0609375 0.05859375
0 0.19921875 0.4736328125 0.0328125 0.193359375
2 0.03984375 0.44140625 0.0796875 0.1015625
2 0.1046875 0.4521484375 0.059375 0.072265625
2 0.2640625 0.4375 0.096875 0.06640625
2 0.5453125 0.4365234375 0.065625 0.056640625
