0 0.40859375 0.478515625 0.0671875 0.125
0 0.5375 0.5927734375 0.175 0.404296875
0 0.79765625 0.646484375 0.1453125 0.28125
0 0.71796875 0.462890625 0.0234375 0.07421875
0 0.70078125 0.455078125 0.0203125 0.06640625
2 0.25390625 0.4638671875 0.0859375 0.056640625
0 0.0140625 0.439453125 0.025 0.06640625
0 0.05859375 0.4375 0.0203125 0.02734375
0 0.078125 0.4365234375 0.021875 0.025390625
0 0.8515625 0.439453125 0.025 0.0390625
0 0.98046875 0.451171875 0.0265625 0.05078125
0 0.68671875 0.4560546875 0.0203125 0.060546875
2 0.51484375 0.4482421875 0.0203125 0.025390625
0 0.50078125 0.4501953125 0.0140625 0.037109375
0 0.490625 0.4501953125 0.0125 0.041015625
