2 0.43046875 0.4765625 0.0734375 0.08203125
2 0.41328125 0.46484375 0.0703125 0.078125
2 0.1171875 0.48046875 0.0875 0.0703125
2 0.16640625 0.453125 0.0578125 0.0625
0 0.84375 0.5048828125 0.05 0.107421875
0 0.68359375 0.494140625 0.0359375 0.109375
0 0.29921875 0.4423828125 0.0234375 0.052734375
0 0.2453125 0.4541015625 0.028125 0.060546875
0 0.2171875 0.4541015625 0.021875 0.064453125
0 0.19921875 0.451171875 0.0203125 0.078125
3 0.7953125 0.5322265625 0.03125 0.025390625
3 0.71796875 0.5380859375 0.0328125 0.041015625
2 0.071875 0.447265625 0.034375 0.046875
2 0.0234375 0.4580078125 0.05 0.064453125
2 0.37734375 0.4541015625 0.0265625 0.056640625
2 0.36328125 0.44921875 0.0203125 0.0390625
