2 0.11953125 0.5205078125 0.2296875 0.185546875
2 0.31328125 0.49609375 0.1046875 0.12109375
2 0.3796875 0.4912109375 0.034375 0.068359375
2 0.43203125 0.4638671875 0.0296875 0.033203125
2 0.56171875 0.474609375 0.0359375 0.0390625
2 0.628125 0.4892578125 0.05 0.052734375
2 0.6515625 0.49609375 0.053125 0.0703125
2 0.7078125 0.5205078125 0.121875 0.123046875
2 0.86640625 0.6142578125 0.2484375 0.255859375
2 0.9765625 0.77734375 0.0375 0.22265625
2 0.5171875 0.458984375 0.021875 0.02734375
0 0.5375 0.4775390625 0.01875 0.044921875
0 0.52265625 0.4736328125 0.0203125 0.044921875
2 0.40078125 0.484375 0.0296875 0.06640625
2 0.4171875 0.4814453125 0.021875 0.052734375
