0 0.8078125 0.5029296875 0.01875 0.064453125
0 0.83203125 0.4990234375 0.0265625 0.076171875
1 0.78203125 0.57421875 0.1265625 0.09375
0 0.0421875 0.5263671875 0.021875 0.103515625
0 0.06484375 0.5224609375 0.0234375 0.107421875
0 0.25234375 0.5009765625 0.0203125 0.029296875
2 0.3 0.51953125 0.0625 0.05859375
2 0.34296875 0.5146484375 0.0359375 0.041015625
2 0.4265625 0.509765625 0.05 0.046875
2 0.5109375 0.5615234375 0.159375 0.158203125
0 0.57109375 0.5 0.0203125 0.0546875
0 0.70078125 0.5048828125 0.0203125 0.072265625
0 0.66875 0.4921875 0.021875 0.03515625
