0 0.5671875 0.4970703125 0.03125 0.119140625
0 0.5296875 0.5029296875 0.03125 0.126953125
2 0.6296875 0.5048828125 0.096875 0.095703125
2 0.4578125 0.44921875 0.04375 0.046875
2 0.3640625 0.4755859375 0.040625 0.056640625
2 0.34375 0.484375 0.0375 0.05859375
2 0.32265625 0.4921875 0.0359375 0.0703125
2 0.278125 0.5009765625 0.075 0.091796875
2 0.2359375 0.5205078125 0.08125 0.095703125
2 0.15625 0.5537109375 0.178125 0.130859375
2 0.9203125 0.5029296875 0.1375 0.150390625
2 0.97109375 0.5615234375 0.0515625 0.146484375
1 0.53203125 0.5537109375 0.0203125 0.068359375
2 0.39921875 0.45703125 0.0359375 0.03515625
