1 0.96875 0.5390625 0.05625 0.16796875
1 0.728125 0.52734375 0.053125 0.09375
1 0.88359375 0.5703125 0.0890625 0.140625
0 0.58984375 0.443359375 0.0203125 0.0546875
1 0.6421875 0.49609375 0.025 0.03515625
0 0.446875 0.458984375 0.015625 0.05078125
2 0.1703125 0.4794921875 0.1 0.076171875
2 0.25703125 0.470703125 0.0578125 0.05078125
0 0.025 0.4775390625 0.021875 0.044921875
1 0.79765625 0.529296875 0.0640625 0.08984375
1 0.62265625 0.4931640625 0.0140625 0.048828125
1 0.6 0.4970703125 0.028125 0.060546875
2 0.3015625 0.462890625 0.028125 0.04296875
0 0.321875 0.4501953125 0.009375 0.029296875
1 0.3203125 0.4755859375 0.009375 0.025390625
2 0.33359375 0.4619140625 0.0171875 0.037109375
2 0.3484375 0.458984375 0.015625 0.0234375
1 0.07578125 0.5087890625 0.0234375 0.064453125
1 0.05 0.5185546875 0.040625 0.052734375
0 0.0546875 0.462890625 0.009375 0.03515625
0 0.00859375 0.474609375 0.0203125 0.0859375
