0 0.45234375 0.4560546875 0.0203125 0.052734375
0 0.63359375 0.4482421875 0.0203125 0.044921875
2 0.85078125 0.6748046875 0.2921875 0.345703125
2 0.9640625 0.9052734375 0.065625 0.181640625
2 0.68046875 0.529296875 0.1453125 0.1328125
2 0.6 0.4853515625 0.06875 0.056640625
2 0.38671875 0.466796875 0.0359375 0.046875
2 0.34609375 0.4765625 0.0671875 0.07421875
2 0.3046875 0.4970703125 0.0625 0.068359375
2 0.25625 0.5234375 0.0625 0.08203125
2 0.209375 0.548828125 0.096875 0.125
2 0.09296875 0.5908203125 0.1859375 0.212890625
2 0.9390625 0.458984375 0.0625 0.0703125
2 0.971875 0.4677734375 0.05 0.068359375
2 0.5703125 0.4599609375 0.046875 0.056640625
2 0.5515625 0.4599609375 0.028125 0.041015625
2 0.48515625 0.439453125 0.0234375 0.02734375
2 0.425 0.4521484375 0.028125 0.029296875
