2 0.1578125 0.5625 0.175 0.1484375
2 0.2546875 0.5283203125 0.08125 0.099609375
2 0.31875 0.5009765625 0.090625 0.068359375
2 0.37890625 0.466796875 0.0515625 0.0546875
2 0.55859375 0.47265625 0.0328125 0.05078125
2 0.59375 0.4833984375 0.059375 0.060546875
2 0.6390625 0.509765625 0.0875 0.078125
2 0.77578125 0.4931640625 0.0921875 0.068359375
2 0.96875 0.5234375 0.05625 0.1015625
2 0.72578125 0.4765625 0.0546875 0.0703125
2 0.4078125 0.46484375 0.021875 0.03515625
2 0.415625 0.45703125 0.025 0.03515625
2 0.4296875 0.455078125 0.021875 0.03125
2 0.4421875 0.453125 0.021875 0.03125
1 0.7140625 0.5478515625 0.121875 0.099609375
