2 0.665625 0.5283203125 0.125 0.123046875
2 0.45 0.455078125 0.04375 0.046875
2 0.35234375 0.486328125 0.0546875 0.05859375
2 0.3234375 0.494140625 0.05 0.06640625
2 0.296875 0.5029296875 0.053125 0.076171875
2 0.23984375 0.513671875 0.0921875 0.1015625
2 0.18046875 0.55078125 0.1203125 0.1171875
2 0.090625 0.603515625 0.18125 0.1796875
0 0.5921875 0.513671875 0.04375 0.14453125
0 0.52734375 0.525390625 0.0453125 0.140625
1 0.52734375 0.5673828125 0.0265625 0.083984375
2 0.9234375 0.5205078125 0.05625 0.154296875
2 0.39375 0.4697265625 0.04375 0.037109375
2 0.56484375 0.470703125 0.0421875 0.0390625
2 0.54921875 0.4560546875 0.0359375 0.041015625
