0 0.834375 0.498046875 0.071875 0.109375
0 0.8265625 0.59765625 0.078125 0.25
2 0.91875 0.6806640625 0.153125 0.333984375
2 0.753125 0.5234375 0.134375 0.16015625
2 0.69140625 0.5107421875 0.0609375 0.107421875
2 0.634375 0.494140625 0.040625 0.06640625
2 0.60390625 0.482421875 0.0453125 0.046875
2 0.53984375 0.4580078125 0.0328125 0.033203125
2 0.2953125 0.4580078125 0.096875 0.060546875
2 0.209375 0.4423828125 0.075 0.068359375
2 0.20703125 0.458984375 0.0515625 0.0625
2 0.09375 0.453125 0.13125 0.08203125
0 0.4046875 0.4580078125 0.021875 0.044921875
2 0.140625 0.4521484375 0.10625 0.076171875
2 0.48359375 0.455078125 0.0234375 0.0234375
2 0.3796875 0.4560546875 0.034375 0.033203125
2 0.59296875 0.4697265625 0.0453125 0.044921875
2 0.65703125 0.5048828125 0.0578125 0.087890625
