2 0.175 0.5458984375 0.16875 0.138671875
2 0.253125 0.5107421875 0.075 0.091796875
2 0.29375 0.4892578125 0.075 0.064453125
2 0.33203125 0.4736328125 0.0578125 0.064453125
2 0.3578125 0.4580078125 0.059375 0.056640625
2 0.60625 0.4814453125 0.0875 0.072265625
2 0.89375 0.72265625 0.20625 0.48046875
2 0.94375 0.4599609375 0.0875 0.044921875
2 0.9734375 0.435546875 0.046875 0.0703125
2 0.83984375 0.44921875 0.0765625 0.0859375
2 0.56640625 0.453125 0.0515625 0.05859375
2 0.39609375 0.447265625 0.0265625 0.03515625
2 0.40703125 0.4384765625 0.0328125 0.037109375
2 0.425 0.4345703125 0.01875 0.037109375
2 0.43984375 0.427734375 0.0234375 0.02734375
2 0.5421875 0.443359375 0.025 0.0390625
2 0.4796875 0.419921875 0.01875 0.01953125
