2 0.4625 0.4560546875 0.034375 0.029296875
2 0.55390625 0.46875 0.0453125 0.04296875
2 0.75703125 0.4755859375 0.0578125 0.056640625
0 0.15078125 0.466796875 0.0296875 0.0703125
0 0.1203125 0.462890625 0.0375 0.078125
0 0.6109375 0.466796875 0.021875 0.0546875
0 0.6484375 0.50390625 0.040625 0.125
0 0.6765625 0.529296875 0.05 0.109375
0 0.78125 0.5068359375 0.053125 0.119140625
0 0.875 0.5029296875 0.028125 0.115234375
0 0.925 0.517578125 0.040625 0.14453125
0 0.959375 0.53125 0.0625 0.1875
0 0.29140625 0.451171875 0.0203125 0.03125
0 0.5984375 0.4677734375 0.021875 0.056640625
0 0.7234375 0.4814453125 0.01875 0.076171875
0 0.8359375 0.501953125 0.03125 0.1328125
