0 0.9125 0.486328125 0.021875 0.09765625
0 0.88828125 0.4833984375 0.0203125 0.099609375
0 0.8640625 0.486328125 0.021875 0.09765625
0 0.84453125 0.490234375 0.0234375 0.09765625
0 0.8125 0.4853515625 0.025 0.103515625
0 0.76953125 0.4755859375 0.0234375 0.076171875
2 0.696875 0.48046875 0.0375 0.0390625
2 0.68125 0.4521484375 0.05 0.033203125
0 0.64921875 0.47265625 0.0109375 0.05078125
0 0.6359375 0.4765625 0.01875 0.046875
0 0.61484375 0.4658203125 0.0203125 0.037109375
0 0.59921875 0.46484375 0.0203125 0.0390625
2 0.54765625 0.474609375 0.0421875 0.0390625
2 0.51796875 0.4716796875 0.0265625 0.029296875
2 0.43984375 0.4658203125 0.0234375 0.029296875
2 0.38984375 0.466796875 0.0328125 0.0390625
2 0.36171875 0.470703125 0.0234375 0.0234375
2 0.32421875 0.46484375 0.0359375 0.03515625
0 0.1265625 0.486328125 0.01875 0.0390625
0 0.0953125 0.4765625 0.01875 0.04296875
0 0.01015625 0.4794921875 0.0203125 0.064453125
2 0.1625 0.4775390625 0.05 0.060546875
