0 0.55 0.4580078125 0.01875 0.048828125
0 0.13203125 0.48828125 0.0234375 0.0703125
2 0.83515625 0.5283203125 0.3109375 0.205078125
2 0.7265625 0.45703125 0.040625 0.05859375
2 0.80078125 0.41796875 0.0515625 0.0390625
2 0.8078125 0.43359375 0.059375 0.0625
2 0.88515625 0.41015625 0.0734375 0.0390625
2 0.93984375 0.4033203125 0.1015625 0.052734375
0 0.57734375 0.4609375 0.0203125 0.06640625
0 0.59609375 0.4599609375 0.0203125 0.068359375
0 0.6375 0.46484375 0.021875 0.078125
0 0.61796875 0.47265625 0.0328125 0.09765625
0 0.65625 0.4638671875 0.03125 0.103515625
0 0.3765625 0.4599609375 0.0125 0.025390625
0 0.11015625 0.4892578125 0.0265625 0.064453125
