2 0.3359375 0.5146484375 0.059375 0.060546875
2 0.3734375 0.5107421875 0.021875 0.041015625
2 0.453125 0.5087890625 0.040625 0.044921875
1 0.7203125 0.552734375 0.09375 0.07421875
0 0.8203125 0.5107421875 0.01875 0.076171875
0 0.29375 0.501953125 0.021875 0.03515625
2 0.52578125 0.578125 0.1703125 0.17578125
2 0.11328125 0.6396484375 0.2265625 0.291015625
0 0.58359375 0.505859375 0.0203125 0.046875
0 0.68203125 0.494140625 0.0203125 0.04296875
0 0.15234375 0.486328125 0.0234375 0.02734375
0 0.13671875 0.484375 0.0140625 0.01953125
