2 0.83984375 0.54296875 0.2578125 0.20703125
0 0.67109375 0.48046875 0.0296875 0.0859375
1 0.34921875 0.498046875 0.0171875 0.0390625
0 0.33125 0.470703125 0.021875 0.0625
0 0.1984375 0.47265625 0.01875 0.06640625
0 0.2171875 0.47265625 0.01875 0.0625
1 0.97734375 0.564453125 0.0296875 0.07421875
1 0.10234375 0.517578125 0.0421875 0.08203125
1 0.625 0.5107421875 0.015625 0.044921875
0 0.07421875 0.4716796875 0.0171875 0.087890625
0 0.72890625 0.458984375 0.0203125 0.05078125
1 0.5859375 0.5048828125 0.0375 0.056640625
2 0.40078125 0.4677734375 0.0171875 0.021484375
0 0.3578125 0.455078125 0.009375 0.02734375
0 0.35 0.466796875 0.0125 0.03125
0 0.284375 0.4658203125 0.015625 0.060546875
0 0.2453125 0.4609375 0.01875 0.0390625
1 0.24765625 0.4970703125 0.0390625 0.037109375
