2 0.03828125 0.513671875 0.0765625 0.12109375
2 0.59765625 0.48046875 0.1046875 0.06640625
2 0.6859375 0.4765625 0.096875 0.05859375
2 0.7921875 0.4716796875 0.10625 0.068359375
2 0.8640625 0.47265625 0.053125 0.05078125
0 0.3703125 0.484375 0.025 0.09765625
0 0.4921875 0.482421875 0.0375 0.10546875
0 0.5375 0.4638671875 0.040625 0.072265625
0 0.96015625 0.484375 0.0296875 0.1015625
1 0.53671875 0.5087890625 0.0484375 0.044921875
0 0.71796875 0.455078125 0.0203125 0.04296875
0 0.896875 0.4609375 0.01875 0.05078125
0 0.91484375 0.4638671875 0.0203125 0.060546875
0 0.94140625 0.46484375 0.0203125 0.05078125
0 0.63828125 0.4560546875 0.0203125 0.033203125
0 0.6234375 0.451171875 0.015625 0.01953125
