2 0.03359375 0.6328125 0.0703125 0.1875
2 0.0765625 0.587890625 0.153125 0.1640625
2 0.23125 0.5322265625 0.1375 0.099609375
2 0.28515625 0.501953125 0.0703125 0.06640625
2 0.3171875 0.490234375 0.0625 0.07421875
2 0.471875 0.4453125 0.03125 0.0390625
2 0.6171875 0.4970703125 0.078125 0.091796875
2 0.82890625 0.48828125 0.0921875 0.109375
2 0.92109375 0.537109375 0.1515625 0.14453125
0 0.56796875 0.4833984375 0.0296875 0.099609375
0 0.5453125 0.498046875 0.034375 0.12109375
1 0.54921875 0.5361328125 0.0234375 0.064453125
2 0.384375 0.4658203125 0.034375 0.041015625
2 0.41328125 0.4560546875 0.0296875 0.033203125
