2 0.0921875 0.5888671875 0.1875 0.185546875
2 0.19765625 0.5361328125 0.1078125 0.115234375
2 0.25 0.5078125 0.084375 0.08984375
2 0.30546875 0.4912109375 0.0703125 0.068359375
2 0.33828125 0.470703125 0.0609375 0.0703125
2 0.3953125 0.4453125 0.040625 0.0390625
2 0.56171875 0.466796875 0.0484375 0.07421875
2 0.596875 0.4765625 0.071875 0.078125
2 0.6203125 0.5 0.09375 0.09765625
2 0.70703125 0.4580078125 0.0359375 0.056640625
2 0.88828125 0.4599609375 0.0921875 0.099609375
2 0.9484375 0.4482421875 0.0375 0.052734375
2 0.4328125 0.439453125 0.028125 0.0234375
2 0.475 0.4248046875 0.01875 0.021484375
2 0.5375 0.44921875 0.028125 0.046875
2 0.52734375 0.44140625 0.0296875 0.03125
0 0.4546875 0.4306640625 0.015625 0.029296875
0 0.490625 0.427734375 0.015625 0.02734375
