2 0.68828125 0.5361328125 0.2171875 0.216796875
2 0.5734375 0.5107421875 0.08125 0.107421875
2 0.546875 0.4892578125 0.090625 0.107421875
2 0.48984375 0.48828125 0.0296875 0.05859375
2 0.475 0.482421875 0.021875 0.0390625
2 0.46015625 0.48046875 0.0265625 0.03515625
2 0.425 0.4833984375 0.0375 0.041015625
2 0.36875 0.4755859375 0.03125 0.037109375
2 0.284375 0.4892578125 0.04375 0.041015625
2 0.2140625 0.4892578125 0.05625 0.091796875
2 0.13984375 0.501953125 0.1296875 0.12109375
2 0.0171875 0.515625 0.0375 0.171875
