0 0.0578125 0.6455078125 0.103125 0.294921875
1 0.04453125 0.755859375 0.0578125 0.16015625
2 0.0953125 0.560546875 0.184375 0.19140625
2 0.21875 0.521484375 0.10625 0.1328125
2 0.278125 0.490234375 0.103125 0.1015625
2 0.33671875 0.48828125 0.0484375 0.07421875
2 0.4078125 0.453125 0.05 0.04296875
2 0.453125 0.4384765625 0.034375 0.037109375
2 0.56875 0.458984375 0.046875 0.0390625
2 0.65390625 0.53515625 0.1171875 0.1171875
2 0.771875 0.5693359375 0.20625 0.189453125
2 0.865625 0.67578125 0.2625 0.296875
2 0.90078125 0.451171875 0.0953125 0.03515625
2 0.75 0.435546875 0.1 0.0546875
2 0.684375 0.4375 0.0375 0.046875
2 0.49375 0.439453125 0.021875 0.02734375
