2 0.5359375 0.49609375 0.1 0.109375
0 0.31875 0.48828125 0.0125 0.03515625
0 0.29609375 0.4873046875 0.0109375 0.029296875
0 0.27265625 0.4833984375 0.0109375 0.029296875
0 0.25859375 0.4873046875 0.0109375 0.025390625
0 0.2359375 0.4892578125 0.0125 0.037109375
0 0.2296875 0.486328125 0.0125 0.04296875
0 0.209375 0.4912109375 0.0125 0.041015625
0 0.18671875 0.4873046875 0.0140625 0.048828125
0 0.1734375 0.4892578125 0.015625 0.052734375
0 0.1578125 0.4921875 0.0125 0.0546875
0 0.14609375 0.4931640625 0.0109375 0.056640625
0 0.134375 0.4921875 0.0125 0.05859375
0 0.1234375 0.494140625 0.009375 0.0546875
0 0.1125 0.4931640625 0.015625 0.056640625
0 0.096875 0.494140625 0.009375 0.046875
0 0.08828125 0.49609375 0.0109375 0.046875
0 0.07578125 0.4931640625 0.0109375 0.056640625
0 0.04375 0.49609375 0.015625 0.0546875
0 0.01015625 0.4951171875 0.0203125 0.076171875
2 0.35625 0.48828125 0.040625 0.0390625
