0 0.68515625 0.486328125 0.0234375 0.08984375
2 0.58671875 0.490234375 0.0703125 0.06640625
2 0.49296875 0.486328125 0.0359375 0.0390625
2 0.46953125 0.4814453125 0.0234375 0.037109375
2 0.4578125 0.4755859375 0.01875 0.025390625
2 0.43515625 0.470703125 0.0203125 0.03125
2 0.41484375 0.4755859375 0.0171875 0.021484375
2 0.38359375 0.4814453125 0.0203125 0.025390625
2 0.3703125 0.484375 0.01875 0.0234375
2 0.3453125 0.4892578125 0.028125 0.025390625
2 0.3171875 0.482421875 0.028125 0.0390625
2 0.3 0.4833984375 0.021875 0.044921875
2 0.28671875 0.486328125 0.0265625 0.04296875
2 0.25703125 0.48828125 0.0390625 0.0546875
2 0.20859375 0.498046875 0.0609375 0.0625
2 0.13046875 0.501953125 0.1015625 0.078125
