2 0.08671875 0.5419921875 0.1765625 0.177734375
2 0.1859375 0.505859375 0.1375 0.14453125
2 0.2859375 0.494140625 0.08125 0.09375
2 0.37734375 0.4619140625 0.0421875 0.037109375
2 0.5421875 0.47265625 0.05 0.05078125
2 0.6796875 0.51171875 0.109375 0.11328125
2 0.80546875 0.5732421875 0.2234375 0.197265625
1 0.94140625 0.5546875 0.1109375 0.09765625
0 0.92890625 0.4755859375 0.0296875 0.099609375
0 0.48984375 0.4736328125 0.0203125 0.052734375
0 0.4609375 0.46875 0.021875 0.046875
2 0.95703125 0.7509765625 0.0796875 0.255859375
2 0.51953125 0.462890625 0.0265625 0.04296875
