2 0.07578125 0.603515625 0.1546875 0.1875
2 0.23828125 0.546875 0.0984375 0.08984375
2 0.26640625 0.505859375 0.1015625 0.08203125
2 0.46640625 0.4697265625 0.0515625 0.037109375
2 0.64375 0.50390625 0.1125 0.1171875
2 0.675 0.533203125 0.14375 0.1328125
2 0.95390625 0.51171875 0.0828125 0.11328125
2 0.34375 0.498046875 0.04375 0.0546875
0 0.175 0.541015625 0.05 0.1328125
2 0.94609375 0.85546875 0.1015625 0.27734375
2 0.790625 0.4853515625 0.034375 0.068359375
2 0.3234375 0.5048828125 0.040625 0.056640625
1 0.18359375 0.5791015625 0.0296875 0.068359375
2 0.39765625 0.4599609375 0.0421875 0.044921875
