2 0.2328125 0.435546875 0.165625 0.125
2 0.1671875 0.412109375 0.06875 0.07421875
2 0.31328125 0.3984375 0.0421875 0.04296875
2 0.4734375 0.4130859375 0.05625 0.064453125
2 0.509375 0.4326171875 0.075 0.072265625
2 0.3953125 0.404296875 0.03125 0.03125
0 0.84453125 0.53515625 0.0859375 0.30078125
0 0.9109375 0.5478515625 0.165625 0.427734375
2 0.79140625 0.4306640625 0.0671875 0.052734375
0 0.2515625 0.359375 0.028125 0.03125
0 0.22109375 0.3623046875 0.0203125 0.025390625
0 0.36484375 0.3974609375 0.0171875 0.041015625
0 0.42578125 0.4033203125 0.0140625 0.037109375
0 0.3515625 0.3984375 0.0125 0.0390625
2 0.7046875 0.455078125 0.1 0.1015625
