0 0.95703125 0.4921875 0.0421875 0.125
2 0.79296875 0.484375 0.0703125 0.05859375
2 0.7921875 0.4501953125 0.06875 0.037109375
0 0.728125 0.478515625 0.01875 0.07421875
0 0.69296875 0.4736328125 0.0203125 0.060546875
0 0.6734375 0.4755859375 0.021875 0.064453125
0 0.6546875 0.474609375 0.021875 0.0625
2 0.58359375 0.4853515625 0.0578125 0.056640625
2 0.54140625 0.4755859375 0.0328125 0.033203125
2 0.4546875 0.4677734375 0.05 0.033203125
2 0.3859375 0.470703125 0.046875 0.0546875
2 0.27734375 0.4736328125 0.0703125 0.068359375
0 0.1984375 0.47265625 0.0125 0.03515625
0 0.18203125 0.4677734375 0.0171875 0.041015625
0 0.159375 0.4697265625 0.01875 0.037109375
0 0.12421875 0.48046875 0.0203125 0.05859375
2 0.0625 0.486328125 0.109375 0.0859375
2 0.35703125 0.462890625 0.0203125 0.03125
