0 0.60625 0.4521484375 0.021875 0.025390625
0 0.5890625 0.4560546875 0.021875 0.044921875
1 0.6078125 0.4736328125 0.015625 0.021484375
2 0.5421875 0.48046875 0.078125 0.07421875
2 0.47890625 0.4658203125 0.0296875 0.037109375
2 0.46171875 0.4580078125 0.0203125 0.033203125
2 0.4515625 0.45703125 0.015625 0.01953125
2 0.4125 0.455078125 0.01875 0.0234375
2 0.3765625 0.4619140625 0.040625 0.052734375
2 0.36796875 0.4716796875 0.0359375 0.037109375
2 0.365625 0.474609375 0.028125 0.03515625
2 0.3421875 0.4765625 0.028125 0.06640625
2 0.290625 0.4814453125 0.1 0.107421875
2 0.20390625 0.484375 0.0796875 0.09375
0 0.06171875 0.49609375 0.0359375 0.125
