2 0.9234375 0.443359375 0.146875 0.1484375
2 0.94921875 0.484375 0.0921875 0.125
0 0.81640625 0.4765625 0.0671875 0.19140625
0 0.64140625 0.462890625 0.0328125 0.11328125
0 0.621875 0.474609375 0.028125 0.08984375
0 0.16875 0.4853515625 0.015625 0.060546875
2 0.7265625 0.4541015625 0.040625 0.044921875
0 0.67421875 0.427734375 0.0203125 0.02734375
0 0.5921875 0.45703125 0.01875 0.05859375
0 0.38125 0.4599609375 0.0125 0.029296875
0 0.5546875 0.455078125 0.01875 0.0546875
0 0.1265625 0.486328125 0.021875 0.03515625
