2 0.22890625 0.5166015625 0.1671875 0.126953125
2 0.29921875 0.490234375 0.0921875 0.1015625
2 0.36015625 0.4716796875 0.0703125 0.072265625
2 0.4 0.474609375 0.046875 0.04296875
2 0.725 0.4853515625 0.065625 0.064453125
2 0.7625 0.49609375 0.065625 0.08203125
2 0.815625 0.498046875 0.090625 0.1015625
0 0.9765625 0.51171875 0.040625 0.12890625
0 0.1046875 0.5009765625 0.0375 0.119140625
0 0.07109375 0.4873046875 0.0484375 0.169921875
2 0.42578125 0.4736328125 0.0234375 0.037109375
2 0.4359375 0.4677734375 0.025 0.033203125
2 0.45 0.4677734375 0.01875 0.029296875
2 0.46015625 0.4599609375 0.0296875 0.037109375
2 0.55234375 0.462890625 0.0234375 0.0234375
2 0.58515625 0.47265625 0.0296875 0.04296875
2 0.6609375 0.478515625 0.034375 0.04296875
2 0.6171875 0.484375 0.06875 0.07421875
