2 0.9296875 0.5341796875 0.134375 0.193359375
0 0.9734375 0.4111328125 0.040625 0.052734375
0 0.2125 0.482421875 0.040625 0.14453125
0 0.353125 0.48828125 0.046875 0.15625
0 0.40390625 0.482421875 0.0296875 0.15625
0 0.4296875 0.4853515625 0.053125 0.154296875
1 0.69140625 0.478515625 0.1171875 0.09375
2 0.0375 0.462890625 0.075 0.0625
2 0.0203125 0.4873046875 0.04375 0.052734375
2 0.015625 0.4453125 0.03125 0.03125
0 0.89140625 0.458984375 0.0421875 0.08984375
0 0.946875 0.41796875 0.021875 0.0390625
0 0.22890625 0.474609375 0.0296875 0.1484375
