2 0.61796875 0.4921875 0.1359375 0.1328125
2 0.740625 0.4580078125 0.059375 0.037109375
2 0.5328125 0.486328125 0.046875 0.05078125
2 0.44140625 0.4990234375 0.0296875 0.029296875
2 0.4125 0.5009765625 0.01875 0.025390625
2 0.38984375 0.498046875 0.0234375 0.03125
2 0.371875 0.4912109375 0.01875 0.037109375
2 0.3578125 0.4931640625 0.021875 0.037109375
2 0.33125 0.490234375 0.0375 0.04296875
2 0.27578125 0.4853515625 0.0703125 0.068359375
0 0.17578125 0.4873046875 0.0203125 0.064453125
0 0.09296875 0.4912109375 0.0203125 0.056640625
0 0.059375 0.4921875 0.015625 0.0703125
0 0.01640625 0.4931640625 0.0234375 0.076171875
