0 0.21875 0.4248046875 0.021875 0.072265625
0 0.26796875 0.4697265625 0.0578125 0.130859375
1 0.26484375 0.501953125 0.0484375 0.09765625
0 0.7375 0.427734375 0.025 0.078125
0 0.81328125 0.4541015625 0.0328125 0.119140625
0 0.834375 0.4462890625 0.025 0.126953125
0 0.940625 0.4375 0.0375 0.0859375
2 0.56484375 0.43359375 0.0328125 0.03515625
2 0.4296875 0.4248046875 0.025 0.041015625
2 0.44609375 0.4287109375 0.0203125 0.033203125
2 0.45390625 0.42578125 0.0203125 0.03125
1 0.0578125 0.453125 0.028125 0.0390625
0 0.48359375 0.4228515625 0.0140625 0.029296875
0 0.49921875 0.4228515625 0.0140625 0.029296875
