0 0.85703125 0.5263671875 0.0484375 0.201171875
0 0.9296875 0.5703125 0.115625 0.33984375
1 0.928125 0.703125 0.078125 0.20703125
0 0.734375 0.4736328125 0.021875 0.056640625
0 0.2015625 0.4755859375 0.021875 0.068359375
0 0.1828125 0.4736328125 0.01875 0.064453125
2 0.425 0.4775390625 0.059375 0.064453125
2 0.48203125 0.4638671875 0.0359375 0.037109375
2 0.37109375 0.4775390625 0.0484375 0.044921875
0 0.703125 0.4677734375 0.01875 0.060546875
0 0.69140625 0.4677734375 0.0140625 0.060546875
0 0.26328125 0.4619140625 0.0203125 0.052734375
0 0.5359375 0.4580078125 0.015625 0.029296875
2 0.396875 0.4658203125 0.03125 0.037109375
