1 0.19609375 0.712890625 0.0359375 0.13671875
0 0.78125 0.6220703125 0.0875 0.310546875
0 0.2015625 0.6162109375 0.09375 0.255859375
2 0.89921875 0.6611328125 0.1953125 0.228515625
2 0.7125 0.5546875 0.06875 0.19140625
2 0.825 0.51171875 0.084375 0.09375
2 0.646875 0.5009765625 0.096875 0.095703125
2 0.3421875 0.5068359375 0.090625 0.083984375
2 0.4109375 0.4716796875 0.046875 0.060546875
2 0.12890625 0.5224609375 0.1109375 0.103515625
2 0.43046875 0.46484375 0.0265625 0.046875
2 0.4484375 0.4580078125 0.025 0.044921875
2 0.4859375 0.4619140625 0.05 0.037109375
2 0.51484375 0.4423828125 0.0234375 0.025390625
2 0.60234375 0.4765625 0.0296875 0.046875
2 0.9125 0.509765625 0.1625 0.09375
2 0.13984375 0.5576171875 0.0796875 0.130859375
2 0.2421875 0.5439453125 0.08125 0.107421875
2 0.378125 0.48828125 0.046875 0.0625
