0 0.69375 0.490234375 0.04375 0.13671875
0 0.725 0.47265625 0.053125 0.16796875
2 0.80859375 0.45703125 0.0609375 0.07421875
2 0.92421875 0.447265625 0.1453125 0.14453125
2 0.94921875 0.486328125 0.0953125 0.12890625
0 0.371875 0.458984375 0.0125 0.0234375
0 0.16875 0.4794921875 0.015625 0.044921875
2 0.6453125 0.4462890625 0.025 0.029296875
0 0.125 0.486328125 0.021875 0.03125
0 0.10859375 0.494140625 0.0203125 0.05078125
0 0.5671875 0.4521484375 0.021875 0.056640625
0 0.58828125 0.4560546875 0.0203125 0.052734375
