2 0.21875 0.53515625 0.128125 0.140625
2 0.425 0.4560546875 0.046875 0.044921875
2 0.565625 0.4501953125 0.0375 0.041015625
2 0.9546875 0.7119140625 0.084375 0.201171875
2 0.8765625 0.50390625 0.0875 0.1015625
2 0.7796875 0.48828125 0.065625 0.07421875
0 0.296875 0.5224609375 0.040625 0.166015625
0 0.3828125 0.517578125 0.04375 0.171875
0 0.33515625 0.5185546875 0.0484375 0.158203125
0 0.73828125 0.4912109375 0.0265625 0.087890625
0 0.7734375 0.599609375 0.06875 0.24609375
1 0.7734375 0.6796875 0.03125 0.13671875
0 0.590625 0.4443359375 0.01875 0.041015625
