1 0.2109375 0.509765625 0.021875 0.05078125
1 0.359375 0.4873046875 0.01875 0.044921875
0 0.17265625 0.45703125 0.0171875 0.0546875
0 0.24296875 0.4609375 0.0171875 0.05859375
2 0.496875 0.5166015625 0.19375 0.181640625
2 0.63203125 0.4794921875 0.0890625 0.076171875
1 0.71875 0.50390625 0.03125 0.10546875
1 0.7875 0.501953125 0.040625 0.1015625
1 0.95859375 0.525390625 0.0453125 0.125
1 0.01484375 0.505859375 0.0328125 0.08984375
1 0.91484375 0.513671875 0.0484375 0.14453125
0 0.359375 0.4453125 0.021875 0.0390625
0 0.34140625 0.458984375 0.0171875 0.05078125
0 0.32265625 0.462890625 0.0234375 0.0703125
0 0.20625 0.455078125 0.03125 0.0625
0 0.159375 0.44140625 0.015625 0.03125
1 0.690625 0.5166015625 0.028125 0.052734375
