2 0.08046875 0.4853515625 0.1328125 0.099609375
2 0.1953125 0.5302734375 0.16875 0.126953125
2 0.2875 0.5029296875 0.075 0.099609375
2 0.34296875 0.5 0.0609375 0.08984375
2 0.39765625 0.4921875 0.0484375 0.0625
2 0.52109375 0.5595703125 0.1859375 0.193359375
2 0.65625 0.51171875 0.05625 0.0859375
2 0.7265625 0.5185546875 0.13125 0.119140625
2 0.7375 0.5634765625 0.109375 0.162109375
2 0.86015625 0.5908203125 0.2671875 0.310546875
2 0.63359375 0.484375 0.0578125 0.078125
2 0.60234375 0.484375 0.0296875 0.05859375
2 0.0328125 0.44140625 0.06875 0.05078125
2 0.42265625 0.484375 0.0296875 0.05078125
2 0.4421875 0.48046875 0.028125 0.04296875
2 0.45859375 0.466796875 0.0328125 0.03125
