2 0.95703125 0.705078125 0.0765625 0.171875
2 0.88125 0.6015625 0.225 0.18359375
2 0.940625 0.4970703125 0.10625 0.083984375
2 0.75390625 0.529296875 0.1578125 0.1484375
2 0.5921875 0.46875 0.046875 0.05078125
2 0.5 0.4462890625 0.028125 0.029296875
0 0.215625 0.482421875 0.021875 0.0859375
0 0.19140625 0.4853515625 0.0203125 0.083984375
0 0.1734375 0.4833984375 0.021875 0.076171875
0 0.3515625 0.453125 0.01875 0.04296875
0 0.41171875 0.4501953125 0.0203125 0.044921875
2 0.87265625 0.4814453125 0.0421875 0.041015625
2 0.925 0.4677734375 0.06875 0.041015625
2 0.56796875 0.4609375 0.0265625 0.03515625
