1 0.26796875 0.4892578125 0.0421875 0.044921875
1 0.18359375 0.4658203125 0.0421875 0.068359375
1 0.22890625 0.46875 0.0328125 0.0625
1 0.034375 0.5009765625 0.0625 0.087890625
1 0.2953125 0.5048828125 0.03125 0.068359375
0 0.3 0.4736328125 0.034375 0.107421875
0 0.04453125 0.447265625 0.0359375 0.10546875
0 0.0171875 0.44921875 0.0375 0.11328125
0 0.47734375 0.45703125 0.0234375 0.06640625
0 0.50078125 0.458984375 0.0296875 0.07421875
0 0.90625 0.484375 0.0375 0.09375
0 0.93828125 0.4375 0.0328125 0.05078125
2 0.9109375 0.62109375 0.171875 0.3515625
2 0.7796875 0.560546875 0.209375 0.20703125
0 0.93671875 0.4931640625 0.0296875 0.091796875
0 0.7828125 0.4462890625 0.025 0.029296875
0 0.73359375 0.4423828125 0.0203125 0.037109375
2 0.55 0.44921875 0.021875 0.0234375
0 0.596875 0.4501953125 0.015625 0.048828125
