2 0.90546875 0.6806640625 0.1828125 0.384765625
2 0.6890625 0.4814453125 0.08125 0.076171875
2 0.78359375 0.490234375 0.0671875 0.06640625
0 0.7359375 0.4951171875 0.0375 0.126953125
2 0.62109375 0.4716796875 0.0296875 0.056640625
2 0.5625 0.484375 0.06875 0.06640625
2 0.51015625 0.458984375 0.0296875 0.03515625
2 0.44609375 0.470703125 0.0765625 0.0625
0 0.38046875 0.45703125 0.0234375 0.0546875
2 0.3578125 0.4609375 0.04375 0.05859375
2 0.34609375 0.4736328125 0.0296875 0.052734375
2 0.2890625 0.4765625 0.075 0.07421875
