2 0.4046875 0.4716796875 0.059375 0.056640625
2 0.21328125 0.482421875 0.0703125 0.0625
2 0.2515625 0.4775390625 0.034375 0.052734375
2 0.2703125 0.470703125 0.046875 0.05859375
2 0.29765625 0.4658203125 0.0359375 0.052734375
2 0.53671875 0.4775390625 0.0640625 0.056640625
2 0.50390625 0.4716796875 0.0234375 0.052734375
2 0.48984375 0.46484375 0.0234375 0.05078125
2 0.475 0.46875 0.021875 0.03515625
2 0.459375 0.46484375 0.01875 0.02734375
2 0.440625 0.4580078125 0.015625 0.025390625
2 0.325 0.4677734375 0.01875 0.044921875
2 0.33984375 0.4658203125 0.0203125 0.037109375
2 0.35625 0.466796875 0.015625 0.02734375
2 0.36875 0.46484375 0.015625 0.0234375
1 0.6953125 0.521484375 0.034375 0.03125
