0 0.46796875 0.4716796875 0.0453125 0.130859375
0 0.590625 0.47265625 0.04375 0.140625
0 0.62578125 0.470703125 0.0296875 0.1015625
0 0.65078125 0.4853515625 0.0265625 0.068359375
0 0.8671875 0.4970703125 0.05 0.123046875
0 0.9140625 0.5009765625 0.05 0.134765625
0 0.26328125 0.458984375 0.0234375 0.078125
2 0.41171875 0.439453125 0.0734375 0.05078125
2 0.3484375 0.453125 0.025 0.0234375
0 0.959375 0.48828125 0.0375 0.078125
0 0.7953125 0.5029296875 0.0375 0.091796875
2 0.11796875 0.4619140625 0.0734375 0.076171875
2 0.67265625 0.4677734375 0.0640625 0.072265625
