0 0.03359375 0.5078125 0.0265625 0.07421875
0 0.0140625 0.5078125 0.021875 0.08203125
0 0.615625 0.466796875 0.01875 0.06640625
0 0.72109375 0.47265625 0.0421875 0.14453125
0 0.75625 0.478515625 0.040625 0.15234375
0 0.7765625 0.47265625 0.03125 0.14453125
2 0.496875 0.5146484375 0.11875 0.123046875
2 0.43828125 0.462890625 0.0328125 0.03515625
2 0.81328125 0.4619140625 0.0546875 0.072265625
2 0.92421875 0.4462890625 0.1453125 0.146484375
2 0.94921875 0.4853515625 0.0953125 0.119140625
0 0.1234375 0.4892578125 0.025 0.033203125
0 0.57734375 0.4580078125 0.0203125 0.052734375
2 0.64375 0.44921875 0.03125 0.03515625
