0 0.60234375 0.5107421875 0.0515625 0.169921875
0 0.55703125 0.509765625 0.0328125 0.09765625
0 0.290625 0.4951171875 0.034375 0.115234375
0 0.259375 0.4931640625 0.034375 0.107421875
2 0.7765625 0.591796875 0.228125 0.21875
2 0.67265625 0.5458984375 0.1046875 0.134765625
2 0.9703125 0.86328125 0.053125 0.2578125
2 0.490625 0.4658203125 0.046875 0.037109375
2 0.17734375 0.4755859375 0.0921875 0.044921875
2 0.10703125 0.53515625 0.1828125 0.140625
2 0.01953125 0.552734375 0.0421875 0.15234375
2 0.3578125 0.4609375 0.06875 0.0546875
2 0.51328125 0.470703125 0.0203125 0.02734375
2 0.52734375 0.4716796875 0.0234375 0.029296875
