2 0.103125 0.5625 0.209375 0.23828125
2 0.23046875 0.5439453125 0.0859375 0.123046875
2 0.2859375 0.5166015625 0.078125 0.083984375
2 0.33125 0.498046875 0.059375 0.07421875
2 0.35078125 0.48046875 0.0671875 0.09375
0 0.38203125 0.48828125 0.0203125 0.07421875
2 0.609375 0.4931640625 0.03125 0.068359375
2 0.65 0.50390625 0.078125 0.0859375
2 0.71171875 0.548828125 0.1328125 0.1484375
2 0.91015625 0.7578125 0.1734375 0.34375
0 0.9546875 0.32421875 0.028125 0.04296875
0 0.53203125 0.4443359375 0.0203125 0.037109375
0 0.5203125 0.443359375 0.01875 0.03515625
2 0.40234375 0.4677734375 0.0265625 0.044921875
2 0.43359375 0.4501953125 0.0234375 0.037109375
2 0.44921875 0.4462890625 0.0234375 0.033203125
2 0.59765625 0.4736328125 0.0484375 0.060546875
2 0.58359375 0.462890625 0.0421875 0.046875
