2 0.0453125 0.521484375 0.09375 0.125
2 0.15703125 0.509765625 0.1546875 0.10546875
2 0.3 0.5009765625 0.134375 0.091796875
2 0.428125 0.486328125 0.121875 0.06640625
2 0.5625 0.4677734375 0.053125 0.052734375
0 0.7 0.462890625 0.025 0.0546875
0 0.7328125 0.4541015625 0.021875 0.052734375
0 0.7515625 0.4580078125 0.025 0.044921875
0 0.290625 0.4482421875 0.025 0.033203125
0 0.26015625 0.46484375 0.0234375 0.04296875
0 0.2375 0.4677734375 0.025 0.060546875
2 0.3796875 0.470703125 0.065625 0.0390625
0 0.44296875 0.4462890625 0.0203125 0.025390625
0 0.47109375 0.4521484375 0.0203125 0.033203125
0 0.48125 0.458984375 0.01875 0.0546875
0 0.49375 0.4697265625 0.021875 0.068359375
0 0.50703125 0.4765625 0.0234375 0.06640625
0 0.52578125 0.47265625 0.0234375 0.07421875
2 0.86328125 0.4619140625 0.0359375 0.037109375
2 0.90859375 0.4609375 0.0328125 0.03515625
2 0.9328125 0.4580078125 0.03125 0.037109375
