2 0.0578125 0.51171875 0.11875 0.12109375
2 0.38359375 0.46484375 0.0453125 0.03515625
2 0.396875 0.462890625 0.034375 0.03515625
0 0.65546875 0.5078125 0.0359375 0.125
0 0.09296875 0.458984375 0.0296875 0.0390625
2 0.48828125 0.46484375 0.0203125 0.02734375
2 0.4609375 0.46484375 0.025 0.0234375
2 0.509375 0.466796875 0.01875 0.01953125
0 0.5328125 0.4599609375 0.0125 0.041015625
0 0.5546875 0.4619140625 0.015625 0.037109375
0 0.5796875 0.4677734375 0.0125 0.029296875
1 0.65625 0.537109375 0.01875 0.078125
0 0.61484375 0.46875 0.0296875 0.05859375
