2 0.08359375 0.6806640625 0.1703125 0.287109375
2 0.2640625 0.5498046875 0.15 0.134765625
2 0.33828125 0.51953125 0.0796875 0.08984375
2 0.38125 0.4912109375 0.084375 0.095703125
2 0.678125 0.5185546875 0.071875 0.130859375
2 0.8015625 0.55859375 0.165625 0.16015625
2 0.8890625 0.63671875 0.215625 0.203125
2 0.96328125 0.71875 0.0671875 0.25
0 0.93359375 0.5078125 0.0421875 0.08984375
0 0.6515625 0.53125 0.05 0.1171875
0 0.56640625 0.482421875 0.0296875 0.1015625
0 0.5140625 0.4775390625 0.0375 0.091796875
2 0.425 0.4814453125 0.025 0.056640625
2 0.4421875 0.4736328125 0.034375 0.052734375
2 0.459375 0.47265625 0.025 0.04296875
2 0.4890625 0.4521484375 0.034375 0.025390625
2 0.71796875 0.5390625 0.0921875 0.11328125
1 0.51328125 0.5029296875 0.0234375 0.052734375
