1 0.05078125 0.55078125 0.0484375 0.05859375
1 0.134375 0.53125 0.040625 0.0625
1 0.1875 0.525390625 0.040625 0.04296875
0 0.053125 0.509765625 0.04375 0.109375
0 0.13046875 0.4990234375 0.0359375 0.095703125
0 0.1890625 0.4951171875 0.040625 0.072265625
2 0.16953125 0.482421875 0.1234375 0.11328125
2 0.37109375 0.46875 0.0203125 0.0234375
2 0.5828125 0.4677734375 0.0625 0.033203125
2 0.58125 0.4853515625 0.059375 0.033203125
1 0.24296875 0.517578125 0.0203125 0.0390625
0 0.2421875 0.4892578125 0.025 0.064453125
