0 0.03671875 0.4990234375 0.0734375 0.216796875
0 0.18046875 0.4833984375 0.0609375 0.150390625
0 0.26171875 0.4765625 0.0421875 0.11328125
0 0.29453125 0.470703125 0.0328125 0.0859375
1 0.17890625 0.537109375 0.0484375 0.1015625
1 0.0265625 0.5703125 0.053125 0.14453125
1 0.2609375 0.5166015625 0.03125 0.068359375
1 0.2953125 0.5029296875 0.03125 0.064453125
2 0.55078125 0.4775390625 0.0765625 0.087890625
2 0.0671875 0.486328125 0.034375 0.1171875
2 0.1484375 0.478515625 0.034375 0.08203125
2 0.5078125 0.4775390625 0.025 0.052734375
2 0.4953125 0.4755859375 0.025 0.041015625
2 0.3796875 0.4716796875 0.0375 0.037109375
