0 0.93125 0.5166015625 0.034375 0.154296875
0 0.903125 0.51171875 0.028125 0.1328125
0 0.871875 0.51953125 0.03125 0.13671875
0 0.828125 0.505859375 0.021875 0.09375
0 0.803125 0.513671875 0.025 0.08984375
0 0.7734375 0.5185546875 0.021875 0.095703125
0 0.75078125 0.5087890625 0.0203125 0.091796875
0 0.73203125 0.5126953125 0.0171875 0.083984375
0 0.71015625 0.5087890625 0.0171875 0.087890625
0 0.675 0.494140625 0.015625 0.06640625
0 0.6140625 0.484375 0.0125 0.0546875
0 0.59375 0.4794921875 0.0125 0.048828125
0 0.64765625 0.48046875 0.0140625 0.0546875
0 0.56640625 0.45703125 0.0109375 0.0390625
2 0.4046875 0.453125 0.01875 0.02734375
2 0.4515625 0.4697265625 0.06875 0.037109375
0 0.3609375 0.490234375 0.0125 0.05859375
0 0.96640625 0.517578125 0.0390625 0.15234375
2 0.40546875 0.5419921875 0.0796875 0.111328125
2 0.32890625 0.484375 0.0171875 0.04296875
2 0.30390625 0.4921875 0.0484375 0.0546875
2 0.496875 0.5498046875 0.159375 0.162109375
0 0.2234375 0.486328125 0.0125 0.05859375
0 0.1984375 0.4921875 0.01875 0.0625
0 0.1828125 0.4931640625 0.01875 0.060546875
0 0.12109375 0.484375 0.0171875 0.04296875
0 0.1078125 0.4833984375 0.015625 0.041015625
0 0.06328125 0.529296875 0.0265625 0.08203125
2 0.059375 0.5185546875 0.11875 0.080078125
0 0.53515625 0.45703125 0.0140625 0.0390625
0 0.734375 0.4560546875 0.01875 0.029296875
2 0.3828125 0.466796875 0.040625 0.03515625
2 0.3625 0.4833984375 0.04375 0.048828125
2 0.4375 0.4345703125 0.015625 0.017578125
2 0.4109375 0.4365234375 0.01875 0.017578125
0 0.71796875 0.45703125 0.0140625 0.02734375
0 0.7015625 0.462890625 0.015625 0.03515625
0 0.8125 0.44921875 0.0125 0.0390625
0 0.7984375 0.4501953125 0.0125 0.037109375
