2 0.70078125 0.4521484375 0.1546875 0.146484375
2 0.6109375 0.462890625 0.028125 0.07421875
2 0.58359375 0.45703125 0.0265625 0.0546875
2 0.56328125 0.453125 0.0234375 0.046875
2 0.54921875 0.44921875 0.0203125 0.03515625
2 0.4984375 0.439453125 0.01875 0.01953125
2 0.40703125 0.4423828125 0.0171875 0.021484375
2 0.38203125 0.443359375 0.0203125 0.02734375
2 0.35625 0.4453125 0.034375 0.05078125
2 0.30625 0.45703125 0.05 0.05859375
2 0.2125 0.482421875 0.096875 0.08203125
2 0.05078125 0.6044921875 0.1046875 0.283203125
