2 0.96640625 0.693359375 0.0609375 0.265625
2 0.8140625 0.5439453125 0.3375 0.236328125
2 0.56953125 0.494140625 0.1484375 0.10546875
2 0.45546875 0.4638671875 0.0390625 0.037109375
2 0.66640625 0.47265625 0.0859375 0.0625
1 0.24609375 0.53125 0.0359375 0.09765625
1 0.35859375 0.474609375 0.0171875 0.03515625
0 0.359375 0.447265625 0.009375 0.02734375
0 0.3453125 0.451171875 0.009375 0.03515625
0 0.33671875 0.451171875 0.0078125 0.03515625
0 0.24375 0.44140625 0.0375 0.0859375
1 0.2140625 0.48046875 0.021875 0.05859375
1 0.1890625 0.4853515625 0.021875 0.064453125
1 0.1671875 0.48828125 0.021875 0.06640625
1 0.15390625 0.4921875 0.0359375 0.08203125
1 0.125 0.4794921875 0.028125 0.076171875
