0 0.70078125 0.5224609375 0.0359375 0.130859375
0 0.68515625 0.541015625 0.0484375 0.1484375
0 0.65 0.53515625 0.046875 0.15625
2 0.8375 0.60546875 0.221875 0.17578125
2 0.7578125 0.5302734375 0.10625 0.123046875
2 0.60390625 0.462890625 0.0453125 0.04296875
2 0.54453125 0.455078125 0.0328125 0.03515625
2 0.45234375 0.462890625 0.0328125 0.05078125
2 0.4203125 0.47265625 0.05 0.05859375
2 0.35859375 0.486328125 0.0765625 0.0859375
2 0.29921875 0.4580078125 0.0515625 0.037109375
2 0.26328125 0.44921875 0.0671875 0.0390625
2 0.20546875 0.47265625 0.1296875 0.0546875
2 0.32109375 0.51953125 0.0828125 0.09765625
2 0.2671875 0.546875 0.1125 0.125
2 0.16953125 0.5888671875 0.1765625 0.177734375
2 0.07890625 0.6767578125 0.1609375 0.287109375
2 0.0421875 0.45703125 0.071875 0.046875
2 0.10859375 0.45703125 0.0578125 0.05078125
