1 0.1171875 0.6728515625 0.14375 0.212890625
0 0.11796875 0.548828125 0.1328125 0.30859375
0 0.334375 0.501953125 0.071875 0.1953125
0 0.7734375 0.486328125 0.059375 0.21484375
0 0.8328125 0.4853515625 0.053125 0.208984375
2 0.92265625 0.4462890625 0.1453125 0.150390625
2 0.95 0.4794921875 0.09375 0.126953125
0 0.16640625 0.4794921875 0.0171875 0.041015625
0 0.3625 0.4638671875 0.0125 0.025390625
0 0.38125 0.458984375 0.0125 0.02734375
0 0.55 0.4580078125 0.01875 0.044921875
0 0.6671875 0.43359375 0.01875 0.0390625
2 0.64453125 0.4482421875 0.0265625 0.033203125
2 0.91953125 0.3720703125 0.1421875 0.060546875
2 0.80390625 0.4609375 0.0328125 0.0625
0 0.63125 0.4580078125 0.01875 0.060546875
0 0.61640625 0.458984375 0.0234375 0.0625
0 0.6015625 0.455078125 0.021875 0.05859375
2 0.72890625 0.455078125 0.0359375 0.04296875
