0 0.565625 0.4697265625 0.021875 0.068359375
0 0.55390625 0.4765625 0.0234375 0.06640625
0 0.54140625 0.4736328125 0.0234375 0.072265625
2 0.52265625 0.453125 0.0453125 0.03515625
2 0.6625 0.51171875 0.134375 0.12890625
2 0.790625 0.6083984375 0.18125 0.185546875
2 0.88125 0.7236328125 0.23125 0.462890625
2 0.40390625 0.462890625 0.0421875 0.0546875
2 0.31953125 0.4931640625 0.0921875 0.115234375
2 0.26953125 0.5166015625 0.0921875 0.107421875
2 0.2015625 0.552734375 0.115625 0.12890625
2 0.08671875 0.595703125 0.1734375 0.17578125
2 0.02109375 0.6494140625 0.0453125 0.177734375
2 0.0375 0.462890625 0.0625 0.0390625
2 0.08984375 0.462890625 0.0734375 0.0390625
2 0.4390625 0.4521484375 0.025 0.029296875
