0 0.92578125 0.47265625 0.0203125 0.09375
0 0.89140625 0.4697265625 0.0265625 0.091796875
0 0.86484375 0.4697265625 0.0328125 0.091796875
0 0.703125 0.466796875 0.025 0.0859375
0 0.5 0.4853515625 0.05625 0.091796875
0 0.38828125 0.4541015625 0.0234375 0.064453125
0 0.05703125 0.4716796875 0.0328125 0.087890625
2 0.25234375 0.494140625 0.1828125 0.0859375
1 0.503125 0.515625 0.1 0.06640625
0 0.1140625 0.4501953125 0.021875 0.033203125
0 0.09140625 0.4482421875 0.0234375 0.033203125
0 0.31875 0.455078125 0.015625 0.0390625
0 0.61640625 0.4619140625 0.0203125 0.060546875
2 0.41484375 0.4521484375 0.0265625 0.033203125
2 0.48828125 0.4599609375 0.0265625 0.029296875
2 0.4796875 0.4580078125 0.028125 0.041015625
2 0.465625 0.4541015625 0.025 0.025390625
