0 0.68046875 0.4990234375 0.0359375 0.130859375
2 0.428125 0.4697265625 0.065625 0.056640625
2 0.31640625 0.462890625 0.0421875 0.0546875
2 0.278125 0.47265625 0.0625 0.0546875
1 0.68203125 0.54296875 0.0234375 0.08984375
0 0.5890625 0.46484375 0.015625 0.0390625
0 0.571875 0.4638671875 0.015625 0.041015625
0 0.5515625 0.4609375 0.015625 0.04296875
2 0.353125 0.4658203125 0.034375 0.041015625
2 0.38203125 0.4638671875 0.0234375 0.037109375
2 0.496875 0.4638671875 0.021875 0.021484375
2 0.45703125 0.4599609375 0.0203125 0.025390625
