2 0.03203125 0.640625 0.0671875 0.1875
2 0.08203125 0.599609375 0.1671875 0.16015625
2 0.23046875 0.52734375 0.1203125 0.11328125
2 0.29453125 0.498046875 0.0921875 0.09375
2 0.35625 0.48828125 0.065625 0.05859375
2 0.49140625 0.4384765625 0.0296875 0.025390625
0 0.425 0.46484375 0.025 0.06640625
2 0.846875 0.6640625 0.296875 0.3359375
2 0.71328125 0.58984375 0.1265625 0.18359375
2 0.63359375 0.5107421875 0.1015625 0.087890625
0 0.68125 0.4619140625 0.021875 0.072265625
2 0.59609375 0.4716796875 0.0671875 0.064453125
2 0.56328125 0.458984375 0.0359375 0.046875
