0 0.96640625 0.4091796875 0.0328125 0.087890625
0 0.93125 0.404296875 0.028125 0.07421875
0 0.903125 0.40625 0.03125 0.07421875
0 0.87265625 0.4052734375 0.0328125 0.068359375
0 0.55625 0.4248046875 0.021875 0.041015625
1 0.55703125 0.4609375 0.0203125 0.03125
2 0.484375 0.443359375 0.0375 0.0390625
2 0.43984375 0.4384765625 0.0328125 0.029296875
0 0.33125 0.4306640625 0.0125 0.021484375
0 0.32109375 0.4326171875 0.0109375 0.021484375
0 0.3109375 0.43359375 0.0125 0.01953125
0 0.29140625 0.4326171875 0.0109375 0.021484375
