0 0.68125 0.4765625 0.05625 0.16796875
0 0.725 0.4736328125 0.0375 0.158203125
0 0.75234375 0.4814453125 0.0296875 0.166015625
0 0.775 0.48046875 0.04375 0.16796875
0 0.63671875 0.458984375 0.0203125 0.06640625
0 0.61640625 0.4580078125 0.0203125 0.060546875
0 0.60234375 0.4609375 0.0234375 0.0625
0 0.321875 0.4794921875 0.021875 0.052734375
2 0.81171875 0.4609375 0.0453125 0.07421875
2 0.92265625 0.443359375 0.1453125 0.13671875
2 0.95078125 0.4853515625 0.0921875 0.119140625
0 0.12265625 0.4833984375 0.0234375 0.037109375
0 0.1078125 0.494140625 0.025 0.05078125
0 0.29453125 0.48046875 0.0234375 0.0546875
