0 0.61953125 0.4873046875 0.0859375 0.224609375
0 0.78125 0.4716796875 0.040625 0.103515625
0 0.91953125 0.4970703125 0.1328125 0.294921875
1 0.92578125 0.6181640625 0.1359375 0.255859375
1 0.61875 0.552734375 0.059375 0.125
2 0.67421875 0.49609375 0.0578125 0.10546875
2 0.56328125 0.494140625 0.0515625 0.1015625
2 0.5046875 0.470703125 0.08125 0.08203125
2 0.45078125 0.466796875 0.0421875 0.0390625
2 0.0453125 0.48828125 0.09375 0.14453125
2 0.1953125 0.47265625 0.165625 0.125
2 0.303125 0.45703125 0.025 0.02734375
