0 0.91484375 0.5087890625 0.0484375 0.130859375
0 0.85859375 0.521484375 0.0203125 0.03515625
0 0.71875 0.4765625 0.059375 0.171875
1 0.70234375 0.521484375 0.1484375 0.12109375
2 0.5953125 0.4423828125 0.053125 0.052734375
2 0.55703125 0.421875 0.0328125 0.05078125
2 0.53359375 0.423828125 0.0203125 0.03515625
2 0.5140625 0.421875 0.01875 0.02734375
2 0.45703125 0.4248046875 0.0234375 0.029296875
2 0.4078125 0.423828125 0.040625 0.0390625
0 0.375 0.4384765625 0.021875 0.083984375
0 0.35625 0.443359375 0.025 0.1015625
2 0.31640625 0.4541015625 0.0546875 0.091796875
2 0.0359375 0.5126953125 0.075 0.134765625
