1 0.484375 0.494140625 0.025 0.06640625
1 0.5359375 0.494140625 0.025 0.06640625
0 0.1765625 0.4375 0.025 0.0390625
1 0.97421875 0.5810546875 0.0453125 0.130859375
2 0.94921875 0.4326171875 0.0640625 0.044921875
1 0.61875 0.490234375 0.021875 0.046875
1 0.01484375 0.51171875 0.0328125 0.1328125
1 0.10859375 0.4873046875 0.0421875 0.072265625
2 0.3390625 0.45703125 0.0375 0.03515625
0 0.6765625 0.4619140625 0.021875 0.083984375
1 0.44453125 0.4697265625 0.0234375 0.025390625
0 0.37421875 0.4501953125 0.0140625 0.037109375
1 0.9796875 0.7119140625 0.034375 0.185546875
1 0.7703125 0.5087890625 0.025 0.068359375
1 0.7484375 0.5029296875 0.03125 0.076171875
0 0.6421875 0.439453125 0.01875 0.046875
0 0.62109375 0.4423828125 0.0265625 0.052734375
0 0.596875 0.443359375 0.01875 0.04296875
0 0.534375 0.4599609375 0.028125 0.107421875
0 0.48671875 0.46875 0.0296875 0.09765625
0 0.4484375 0.4443359375 0.021875 0.033203125
0 0.409375 0.4453125 0.00625 0.02734375
2 0.4015625 0.451171875 0.015625 0.01953125
1 0.2875 0.45703125 0.021875 0.046875
1 0.1953125 0.4892578125 0.025 0.060546875
1 0.1765625 0.4892578125 0.028125 0.060546875
1 0.13828125 0.490234375 0.0234375 0.046875
1 0.05234375 0.5009765625 0.0265625 0.068359375
