1 0.71015625 0.498046875 0.0296875 0.04296875
2 0.3984375 0.46875 0.059375 0.05859375
2 0.23671875 0.47265625 0.0671875 0.0546875
2 0.27890625 0.46484375 0.0390625 0.0546875
2 0.30390625 0.4599609375 0.0359375 0.048828125
2 0.52265625 0.46875 0.0578125 0.05078125
2 0.48671875 0.4609375 0.0203125 0.046875
2 0.471875 0.462890625 0.021875 0.03515625
2 0.4546875 0.4599609375 0.01875 0.025390625
2 0.43984375 0.4560546875 0.0203125 0.025390625
2 0.3296875 0.462890625 0.015625 0.04296875
2 0.34453125 0.462890625 0.0171875 0.03125
2 0.35859375 0.46484375 0.0171875 0.0234375
