2 0.0859375 0.5341796875 0.171875 0.208984375
2 0.20703125 0.5224609375 0.1046875 0.130859375
2 0.25234375 0.49609375 0.0828125 0.11328125
2 0.32890625 0.490234375 0.0734375 0.0625
2 0.35234375 0.4580078125 0.0515625 0.052734375
2 0.475 0.47265625 0.0625 0.05859375
2 0.6203125 0.48046875 0.059375 0.08203125
2 0.87265625 0.4921875 0.1421875 0.125
2 0.9265625 0.533203125 0.065625 0.09765625
0 0.3796875 0.4755859375 0.025 0.072265625
0 0.4 0.4677734375 0.021875 0.076171875
0 0.55625 0.4775390625 0.03125 0.091796875
0 0.58984375 0.4990234375 0.0359375 0.103515625
2 0.72109375 0.5263671875 0.1859375 0.181640625
2 0.5125 0.466796875 0.021875 0.0234375
2 0.5359375 0.4697265625 0.028125 0.025390625
2 0.42421875 0.46875 0.0265625 0.04296875
