2 0.721875 0.533203125 0.15625 0.15234375
2 0.86328125 0.626953125 0.2671875 0.36328125
0 0.5140625 0.4658203125 0.025 0.068359375
0 0.49765625 0.4677734375 0.0234375 0.056640625
0 0.35234375 0.4765625 0.0328125 0.08984375
0 0.0859375 0.47265625 0.034375 0.1328125
0 0.04296875 0.46875 0.0265625 0.140625
0 0.31171875 0.4541015625 0.0203125 0.056640625
0 0.11953125 0.4609375 0.0359375 0.1015625
0 0.71875 0.4482421875 0.021875 0.033203125
2 0.43984375 0.45703125 0.0671875 0.0390625
1 0.2890625 0.4931640625 0.028125 0.041015625
1 0.22578125 0.4951171875 0.0296875 0.068359375
1 0.12578125 0.5126953125 0.0453125 0.041015625
0 0.76484375 0.453125 0.0203125 0.03125
0 0.78203125 0.4609375 0.0234375 0.03515625
0 0.8546875 0.4384765625 0.021875 0.025390625
