2 0.8984375 0.572265625 0.196875 0.3359375
2 0.86171875 0.48828125 0.2671875 0.29296875
2 0.7015625 0.5185546875 0.059375 0.154296875
2 0.68125 0.486328125 0.209375 0.15234375
0 0.56640625 0.4892578125 0.0421875 0.177734375
3 0.53828125 0.5341796875 0.0203125 0.052734375
0 0.53125 0.46484375 0.028125 0.08984375
0 0.51015625 0.490234375 0.0234375 0.125
2 0.4875 0.4775390625 0.028125 0.091796875
2 0.38125 0.494140625 0.19375 0.2421875
2 0.22734375 0.4580078125 0.1453125 0.087890625
2 0.03984375 0.583984375 0.0828125 0.25390625
2 0.24375 0.4853515625 0.065625 0.076171875
2 0.2234375 0.4873046875 0.05625 0.068359375
2 0.171875 0.4892578125 0.1375 0.107421875
2 0.146875 0.4970703125 0.078125 0.107421875
2 0.11640625 0.509765625 0.1109375 0.14453125
