2 0.059375 0.4931640625 0.121875 0.056640625
2 0.075 0.623046875 0.15 0.203125
2 0.1625 0.5634765625 0.140625 0.134765625
2 0.30703125 0.501953125 0.0765625 0.07421875
2 0.3390625 0.4873046875 0.053125 0.052734375
2 0.35859375 0.4716796875 0.0546875 0.052734375
2 0.49140625 0.4453125 0.0328125 0.03515625
2 0.58203125 0.45703125 0.0484375 0.04296875
2 0.6296875 0.48828125 0.0875 0.08984375
2 0.70078125 0.5458984375 0.1359375 0.126953125
0 0.83046875 0.666015625 0.1078125 0.3203125
1 0.8265625 0.806640625 0.065625 0.20703125
2 0.7203125 0.447265625 0.053125 0.0390625
2 0.80546875 0.423828125 0.0453125 0.03125
2 0.3984375 0.4638671875 0.04375 0.041015625
2 0.29765625 0.447265625 0.0578125 0.0390625
