2 0.05703125 0.58203125 0.1046875 0.17578125
2 0.17109375 0.5576171875 0.1515625 0.150390625
2 0.3203125 0.494140625 0.065625 0.0703125
2 0.37734375 0.484375 0.0578125 0.07421875
2 0.45859375 0.4521484375 0.0328125 0.033203125
2 0.7109375 0.57421875 0.15 0.1640625
2 0.834375 0.6318359375 0.271875 0.263671875
2 0.9 0.7783203125 0.19375 0.435546875
0 0.034375 0.6650390625 0.071875 0.341796875
0 0.4265625 0.595703125 0.08125 0.28125
0 0.6046875 0.5751953125 0.08125 0.248046875
1 0.4203125 0.68359375 0.040625 0.15234375
1 0.0375 0.7705078125 0.071875 0.166015625
2 0.275 0.4765625 0.06875 0.05859375
2 0.0921875 0.4814453125 0.059375 0.091796875
2 0.553125 0.462890625 0.040625 0.05078125
2 0.67890625 0.4609375 0.1171875 0.04296875
2 0.8328125 0.46875 0.109375 0.0625
2 0.8078125 0.45703125 0.1125 0.0625
