2 0.20078125 0.5078125 0.1484375 0.12890625
2 0.6015625 0.48046875 0.046875 0.06640625
2 0.65234375 0.4912109375 0.0921875 0.091796875
2 0.6875 0.51953125 0.125 0.12109375
2 0.865625 0.6162109375 0.246875 0.392578125
0 0.7484375 0.490234375 0.03125 0.10546875
0 0.7828125 0.48046875 0.028125 0.09765625
0 0.578125 0.4755859375 0.025 0.087890625
0 0.40234375 0.4677734375 0.0265625 0.076171875
0 0.3875 0.4443359375 0.01875 0.037109375
0 0.453125 0.4638671875 0.025 0.056640625
1 0.453125 0.482421875 0.01875 0.0390625
0 0.38203125 0.4697265625 0.0234375 0.060546875
2 0.16171875 0.462890625 0.0484375 0.0546875
2 0.52265625 0.451171875 0.0234375 0.02734375
0 0.8390625 0.453125 0.028125 0.04296875
2 0.11328125 0.47265625 0.0234375 0.0546875
