2 0.08203125 0.615234375 0.1671875 0.203125
2 0.2484375 0.5283203125 0.14375 0.115234375
2 0.3109375 0.50390625 0.046875 0.078125
2 0.35703125 0.4716796875 0.0734375 0.064453125
2 0.39765625 0.4619140625 0.0453125 0.041015625
2 0.5828125 0.4697265625 0.05 0.037109375
2 0.63515625 0.501953125 0.0921875 0.078125
2 0.8140625 0.5 0.08125 0.09375
2 0.921875 0.529296875 0.146875 0.109375
2 0.73203125 0.5556640625 0.1515625 0.146484375
1 0.909375 0.685546875 0.175 0.1953125
2 0.440625 0.453125 0.025 0.0390625
0 0.45703125 0.4521484375 0.0109375 0.044921875
2 0.42578125 0.4580078125 0.0265625 0.037109375
2 0.76015625 0.4736328125 0.0421875 0.041015625
2 0.35625 0.490234375 0.0375 0.0625
