2 0.81328125 0.4609375 0.0546875 0.078125
2 0.921875 0.4453125 0.140625 0.13671875
0 0.65546875 0.462890625 0.0265625 0.078125
0 0.6296875 0.4619140625 0.025 0.083984375
0 0.16796875 0.4775390625 0.0203125 0.044921875
0 0.1125 0.486328125 0.01875 0.046875
0 0.55 0.4560546875 0.01875 0.044921875
2 0.94453125 0.4912109375 0.0828125 0.103515625
0 0.57265625 0.45703125 0.0140625 0.05078125
0 0.58984375 0.4521484375 0.0203125 0.052734375
0 0.3625 0.4609375 0.009375 0.02734375
0 0.37890625 0.458984375 0.0109375 0.03125
2 0.72578125 0.4599609375 0.0359375 0.052734375
0 0.125 0.4892578125 0.01875 0.029296875
