0 0.9296875 0.55859375 0.0625 0.3828125
2 0.88125 0.5693359375 0.034375 0.134765625
2 0.846875 0.517578125 0.109375 0.17578125
2 0.7765625 0.4755859375 0.2875 0.205078125
2 0.63828125 0.4873046875 0.0234375 0.115234375
2 0.58359375 0.484375 0.0921875 0.109375
2 0.53828125 0.482421875 0.1296875 0.078125
2 0.44921875 0.4755859375 0.0859375 0.068359375
0 0.396875 0.470703125 0.021875 0.0546875
2 0.3671875 0.4658203125 0.03125 0.064453125
2 0.33828125 0.4716796875 0.0265625 0.033203125
2 0.31015625 0.46875 0.0296875 0.03515625
2 0.28203125 0.4638671875 0.0265625 0.033203125
2 0.24375 0.4794921875 0.0625 0.072265625
2 0.1671875 0.484375 0.13125 0.125
2 0.12421875 0.50390625 0.0828125 0.1484375
