2 0.075 0.48046875 0.153125 0.1328125
2 0.1421875 0.478515625 0.1125 0.11328125
2 0.1921875 0.478515625 0.096875 0.1015625
2 0.23671875 0.4716796875 0.1015625 0.099609375
2 0.309375 0.47265625 0.053125 0.08203125
2 0.3390625 0.4638671875 0.040625 0.068359375
2 0.39375 0.4677734375 0.0625 0.044921875
2 0.47265625 0.462890625 0.1015625 0.1171875
2 0.63515625 0.46484375 0.0296875 0.0390625
2 0.77578125 0.462890625 0.2609375 0.1171875
2 0.7640625 0.4951171875 0.096875 0.123046875
2 0.85703125 0.513671875 0.2359375 0.15625
2 0.9265625 0.5361328125 0.1375 0.193359375
2 0.37265625 0.4716796875 0.0296875 0.041015625
2 0.60078125 0.4658203125 0.0703125 0.052734375
