0 0.94453125 0.6455078125 0.0953125 0.447265625
0 0.96015625 0.6962890625 0.0703125 0.435546875
0 0.39140625 0.458984375 0.0203125 0.0546875
2 0.8140625 0.5419921875 0.23125 0.208984375
2 0.7171875 0.5185546875 0.08125 0.123046875
2 0.66875 0.5126953125 0.05625 0.091796875
2 0.6078125 0.48046875 0.05 0.05078125
2 0.540625 0.4580078125 0.03125 0.033203125
2 0.2765625 0.4560546875 0.1 0.056640625
2 0.06171875 0.4609375 0.1265625 0.08203125
2 0.1140625 0.451171875 0.09375 0.078125
2 0.1828125 0.4609375 0.053125 0.05859375
2 0.19453125 0.4453125 0.0609375 0.05859375
2 0.58984375 0.46875 0.0421875 0.05078125
2 0.6390625 0.5009765625 0.05 0.068359375
2 0.4828125 0.4521484375 0.021875 0.025390625
