1 0.23125 0.697265625 0.059375 0.140625
0 0.934375 0.7607421875 0.121875 0.369140625
0 0.23984375 0.5791015625 0.1015625 0.193359375
2 0.08515625 0.5888671875 0.1734375 0.193359375
2 0.278125 0.53125 0.09375 0.1171875
2 0.37578125 0.4775390625 0.0703125 0.068359375
2 0.4625 0.462890625 0.04375 0.04296875
2 0.590625 0.4453125 0.028125 0.03125
2 0.62578125 0.4873046875 0.0453125 0.064453125
2 0.65625 0.5029296875 0.059375 0.076171875
2 0.73046875 0.537109375 0.1609375 0.16796875
2 0.31328125 0.509765625 0.0609375 0.08984375
2 0.40078125 0.4677734375 0.0453125 0.060546875
2 0.41875 0.462890625 0.03125 0.05078125
2 0.42578125 0.458984375 0.0421875 0.0546875
2 0.48203125 0.4453125 0.0265625 0.02734375
0 0.51796875 0.458984375 0.0140625 0.04296875
