2 0.94765625 0.4228515625 0.0984375 0.083984375
2 0.95234375 0.3623046875 0.0734375 0.025390625
2 0.69921875 0.4404296875 0.0609375 0.099609375
0 0.75703125 0.478515625 0.0921875 0.3046875
0 0.44609375 0.4912109375 0.0484375 0.193359375
2 0.38046875 0.4453125 0.0390625 0.06640625
0 0.24296875 0.4462890625 0.0203125 0.064453125
0 0.22578125 0.4453125 0.0203125 0.0625
2 0.165625 0.447265625 0.0375 0.04296875
2 0.13984375 0.447265625 0.0203125 0.02734375
2 0.11796875 0.447265625 0.0234375 0.03125
2 0.03125 0.45703125 0.05625 0.05859375
2 0.090625 0.447265625 0.025 0.03125
2 0.071875 0.451171875 0.01875 0.03125
0 0.9 0.3818359375 0.021875 0.041015625
2 0.7046875 0.3681640625 0.05625 0.037109375
