0 0.87734375 0.51953125 0.0265625 0.109375
0 0.8421875 0.5126953125 0.028125 0.099609375
0 0.8171875 0.5185546875 0.028125 0.099609375
0 0.72890625 0.51953125 0.0296875 0.0859375
0 0.69921875 0.5302734375 0.0203125 0.072265625
0 0.678125 0.5322265625 0.025 0.087890625
0 0.65703125 0.5322265625 0.0203125 0.076171875
0 0.63046875 0.5361328125 0.0203125 0.072265625
0 0.61328125 0.5390625 0.0203125 0.0625
0 0.5921875 0.5419921875 0.01875 0.056640625
0 0.57890625 0.5390625 0.0203125 0.05859375
0 0.5625 0.54296875 0.01875 0.0546875
2 0.41015625 0.4970703125 0.0171875 0.021484375
2 0.43046875 0.517578125 0.0203125 0.01953125
2 0.38125 0.5400390625 0.028125 0.044921875
2 0.34375 0.5400390625 0.028125 0.041015625
2 0.40859375 0.552734375 0.0296875 0.05859375
2 0.4609375 0.5458984375 0.071875 0.076171875
0 0.32578125 0.5400390625 0.0140625 0.041015625
0 0.271875 0.5400390625 0.0125 0.044921875
0 0.26015625 0.5390625 0.0140625 0.04296875
0 0.240625 0.5439453125 0.01875 0.044921875
2 0.209375 0.5634765625 0.021875 0.033203125
2 0.184375 0.5537109375 0.01875 0.044921875
0 0.0171875 0.55859375 0.028125 0.08984375
