1 0.2078125 0.7021484375 0.071875 0.146484375
0 0.84921875 0.6572265625 0.0921875 0.373046875
0 0.21015625 0.6064453125 0.1109375 0.240234375
2 0.93203125 0.6435546875 0.1265625 0.349609375
2 0.7953125 0.662109375 0.040625 0.12890625
2 0.696875 0.5146484375 0.11875 0.134765625
2 0.48515625 0.455078125 0.0484375 0.04296875
2 0.4046875 0.4775390625 0.059375 0.068359375
2 0.36171875 0.494140625 0.0609375 0.08203125
2 0.31328125 0.509765625 0.1046875 0.09375
2 0.2375 0.533203125 0.065625 0.109375
2 0.08671875 0.625 0.1734375 0.23046875
2 0.4265625 0.46484375 0.03125 0.0625
2 0.4421875 0.458984375 0.025 0.05078125
2 0.59375 0.4443359375 0.028125 0.033203125
2 0.63984375 0.490234375 0.0453125 0.06640625
2 0.61953125 0.482421875 0.0359375 0.05078125
0 0.5421875 0.453125 0.01875 0.0390625
2 0.9421875 0.45703125 0.078125 0.046875
2 0.11875 0.4931640625 0.134375 0.033203125
