2 0.78046875 0.478515625 0.0828125 0.0625
0 0.71015625 0.4609375 0.0140625 0.03515625
2 0.65703125 0.4609375 0.0296875 0.03125
2 0.609375 0.466796875 0.053125 0.05859375
2 0.56953125 0.44921875 0.0296875 0.02734375
2 0.4984375 0.466796875 0.103125 0.1015625
2 0.43046875 0.46484375 0.0296875 0.04296875
2 0.31484375 0.4794921875 0.0390625 0.048828125
0 0.2890625 0.4599609375 0.015625 0.037109375
0 0.2109375 0.466796875 0.01875 0.046875
0 0.18984375 0.46484375 0.0203125 0.04296875
0 0.17734375 0.46484375 0.0203125 0.05078125
0 0.1234375 0.455078125 0.01875 0.02734375
0 0.11484375 0.4931640625 0.0265625 0.052734375
0 0.1 0.458984375 0.021875 0.03125
0 0.08046875 0.45703125 0.0203125 0.03125
0 0.0703125 0.455078125 0.01875 0.02734375
0 0.04921875 0.458984375 0.0203125 0.03515625
0 0.02265625 0.4580078125 0.0203125 0.029296875
0 0.08203125 0.5 0.0234375 0.046875
0 0.0640625 0.50390625 0.021875 0.0390625
0 0.021875 0.5009765625 0.021875 0.037109375
