2 0.53671875 0.455078125 0.1578125 0.1875
2 0.421875 0.443359375 0.059375 0.0625
2 0.3890625 0.431640625 0.015625 0.01953125
2 0.359375 0.4208984375 0.01875 0.017578125
2 0.33515625 0.4150390625 0.0171875 0.021484375
2 0.31640625 0.4130859375 0.0171875 0.021484375
2 0.24765625 0.4140625 0.0171875 0.015625
2 0.25546875 0.435546875 0.0515625 0.0390625
2 0.18828125 0.3994140625 0.0140625 0.017578125
2 0.21875 0.4189453125 0.015625 0.021484375
2 0.2078125 0.412109375 0.021875 0.02734375
2 0.1875 0.4296875 0.028125 0.03125
2 0.14296875 0.439453125 0.0359375 0.03515625
2 0.0203125 0.44921875 0.04375 0.04296875
