0 0.83046875 0.6669921875 0.0890625 0.337890625
1 0.8390625 0.7744140625 0.05625 0.189453125
0 0.659375 0.5048828125 0.028125 0.107421875
2 0.94375 0.5712890625 0.10625 0.138671875
2 0.92421875 0.529296875 0.1453125 0.125
2 0.78671875 0.5126953125 0.1765625 0.107421875
2 0.61640625 0.4794921875 0.0421875 0.068359375
2 0.45625 0.46484375 0.040625 0.046875
2 0.27265625 0.484375 0.0609375 0.05078125
0 0.184375 0.4892578125 0.028125 0.072265625
2 0.31953125 0.4599609375 0.0265625 0.029296875
2 0.340625 0.4541015625 0.01875 0.025390625
0 0.490625 0.455078125 0.015625 0.0390625
