2 0.8578125 0.6240234375 0.26875 0.302734375
1 0.20625 0.54296875 0.040625 0.10546875
1 0.1125 0.4814453125 0.05 0.087890625
0 0.82734375 0.4599609375 0.0296875 0.037109375
0 0.8046875 0.46484375 0.03125 0.046875
0 0.7671875 0.4814453125 0.021875 0.072265625
0 0.74921875 0.4677734375 0.0234375 0.076171875
0 0.728125 0.4658203125 0.025 0.041015625
0 0.70390625 0.4677734375 0.0203125 0.052734375
0 0.49609375 0.458984375 0.0140625 0.04296875
0 0.48125 0.466796875 0.025 0.07421875
0 0.4453125 0.46875 0.03125 0.06640625
0 0.25078125 0.4453125 0.0234375 0.05859375
0 0.271875 0.4482421875 0.01875 0.044921875
1 0.18125 0.482421875 0.0375 0.078125
0 0.2125 0.501953125 0.053125 0.16015625
0 0.6015625 0.4609375 0.01875 0.04296875
