2 0.975 0.5029296875 0.040625 0.099609375
2 0.8921875 0.521484375 0.096875 0.125
2 0.871875 0.49609375 0.128125 0.109375
2 0.81015625 0.505859375 0.0484375 0.0859375
0 0.77734375 0.564453125 0.0453125 0.15234375
2 0.5671875 0.470703125 0.05625 0.0546875
2 0.31015625 0.5009765625 0.0453125 0.072265625
2 0.2578125 0.51953125 0.1 0.09375
2 0.3375 0.4931640625 0.034375 0.060546875
2 0.35625 0.484375 0.025 0.05078125
2 0.37421875 0.478515625 0.0265625 0.0390625
2 0.38984375 0.470703125 0.0296875 0.03515625
2 0.428125 0.455078125 0.028125 0.03125
