2 0.1921875 0.5751953125 0.175 0.162109375
2 0.05546875 0.4912109375 0.1046875 0.076171875
2 0.490625 0.4384765625 0.021875 0.025390625
2 0.56875 0.478515625 0.046875 0.0546875
2 0.6203125 0.490234375 0.090625 0.0859375
2 0.63984375 0.5361328125 0.1234375 0.123046875
2 0.740625 0.576171875 0.2 0.15625
2 0.90859375 0.8076171875 0.1765625 0.376953125
0 0.29140625 0.4794921875 0.0203125 0.068359375
2 0.12421875 0.458984375 0.1546875 0.09765625
2 0.23671875 0.46875 0.0734375 0.046875
2 0.25703125 0.4482421875 0.0546875 0.041015625
2 0.33984375 0.45703125 0.0546875 0.0390625
2 0.434375 0.4501953125 0.025 0.025390625
2 0.5390625 0.455078125 0.025 0.03515625
