2 0.91484375 0.5517578125 0.1609375 0.216796875
2 0.809375 0.5205078125 0.165625 0.154296875
0 0.6953125 0.4951171875 0.053125 0.181640625
1 0.690625 0.556640625 0.04375 0.1015625
2 0.65859375 0.484375 0.0234375 0.0859375
2 0.63203125 0.482421875 0.0328125 0.08984375
2 0.61796875 0.46875 0.0453125 0.07421875
2 0.4296875 0.5146484375 0.228125 0.267578125
2 0.30703125 0.48828125 0.0203125 0.05078125
2 0.27890625 0.4892578125 0.0515625 0.064453125
2 0.19453125 0.4912109375 0.1421875 0.130859375
2 0.0296875 0.48828125 0.0625 0.1015625
