0 0.9765625 0.521484375 0.040625 0.140625
0 0.92421875 0.51953125 0.0296875 0.09765625
0 0.88984375 0.509765625 0.0296875 0.11328125
0 0.86015625 0.5146484375 0.0296875 0.115234375
0 0.7640625 0.51953125 0.028125 0.109375
0 0.7296875 0.5283203125 0.0125 0.083984375
0 0.70703125 0.5302734375 0.0234375 0.083984375
0 0.696875 0.5234375 0.015625 0.08984375
0 0.6796875 0.5302734375 0.028125 0.087890625
0 0.65859375 0.5322265625 0.0265625 0.087890625
0 0.640625 0.533203125 0.021875 0.0625
0 0.628125 0.5361328125 0.021875 0.064453125
0 0.60859375 0.53515625 0.0203125 0.0625
0 0.58671875 0.537109375 0.0203125 0.05859375
0 0.5734375 0.5341796875 0.01875 0.052734375
0 0.56171875 0.5361328125 0.0203125 0.044921875
2 0.409375 0.4921875 0.015625 0.01953125
2 0.40234375 0.5078125 0.0171875 0.01953125
2 0.42734375 0.5087890625 0.0203125 0.021484375
2 0.409375 0.55078125 0.034375 0.06640625
2 0.37890625 0.5341796875 0.0328125 0.041015625
2 0.334375 0.53515625 0.04375 0.04296875
2 0.465625 0.5478515625 0.071875 0.087890625
0 0.3046875 0.5361328125 0.0125 0.041015625
0 0.26484375 0.5283203125 0.0140625 0.044921875
0 0.25546875 0.529296875 0.0140625 0.04296875
0 0.2265625 0.5361328125 0.015625 0.041015625
2 0.1953125 0.5556640625 0.028125 0.037109375
2 0.1671875 0.5478515625 0.021875 0.052734375
