0 0.55234375 0.4755859375 0.0265625 0.072265625
0 0.7828125 0.48046875 0.03125 0.078125
0 0.7671875 0.5205078125 0.0375 0.107421875
2 0.91875 0.486328125 0.15 0.09765625
2 0.73515625 0.4794921875 0.0484375 0.076171875
2 0.7125 0.4619140625 0.04375 0.060546875
2 0.58671875 0.470703125 0.0484375 0.05859375
2 0.3453125 0.494140625 0.0625 0.06640625
2 0.26328125 0.521484375 0.1109375 0.09765625
2 0.11875 0.55859375 0.203125 0.18359375
2 0.49140625 0.443359375 0.0265625 0.02734375
2 0.37890625 0.470703125 0.0453125 0.0546875
1 0.5515625 0.5087890625 0.01875 0.052734375
1 0.759375 0.5634765625 0.040625 0.072265625
