2 0.03984375 0.6513671875 0.0828125 0.197265625
2 0.13359375 0.583984375 0.1953125 0.16015625
2 0.27578125 0.52734375 0.1203125 0.109375
2 0.3453125 0.4990234375 0.059375 0.083984375
0 0.3796875 0.494140625 0.025 0.0703125
0 0.47109375 0.478515625 0.0203125 0.0625
2 0.53515625 0.474609375 0.0703125 0.08203125
2 0.60234375 0.48828125 0.0484375 0.07421875
2 0.64453125 0.498046875 0.0828125 0.1015625
2 0.6953125 0.5390625 0.10625 0.11328125
2 0.7546875 0.5703125 0.15625 0.14453125
2 0.87578125 0.71484375 0.2359375 0.31640625
2 0.93125 0.4658203125 0.125 0.060546875
2 0.82421875 0.4638671875 0.0546875 0.052734375
2 0.7296875 0.46875 0.059375 0.04296875
2 0.76015625 0.455078125 0.0265625 0.046875
2 0.7375 0.439453125 0.046875 0.0234375
2 0.50078125 0.4521484375 0.0265625 0.029296875
2 0.39921875 0.4794921875 0.0421875 0.052734375
2 0.4171875 0.4658203125 0.040625 0.044921875
2 0.45625 0.45703125 0.028125 0.03125
2 0.96640625 0.865234375 0.0609375 0.26171875
