1 0.1859375 0.6279296875 0.046875 0.126953125
0 0.1984375 0.55859375 0.065625 0.1953125
2 0.35078125 0.490234375 0.0609375 0.0546875
2 0.0390625 0.5341796875 0.08125 0.099609375
2 0.925 0.5 0.14375 0.14453125
2 0.8625 0.7373046875 0.265625 0.341796875
0 0.671875 0.458984375 0.01875 0.0625
0 0.6515625 0.4560546875 0.021875 0.060546875
0 0.634375 0.451171875 0.021875 0.04296875
1 0.834375 0.5185546875 0.046875 0.068359375
0 0.58515625 0.443359375 0.0109375 0.03515625
0 0.5515625 0.4453125 0.0125 0.03515625
0 0.22578125 0.4716796875 0.0234375 0.056640625
0 0.2421875 0.470703125 0.021875 0.0546875
2 0.2875 0.46875 0.040625 0.0546875
2 0.43671875 0.4638671875 0.0234375 0.033203125
2 0.45078125 0.4716796875 0.0296875 0.029296875
2 0.4078125 0.458984375 0.025 0.0234375
2 0.0296875 0.482421875 0.0625 0.0546875
