2 0.82734375 0.5419921875 0.3359375 0.248046875
2 0.44921875 0.4716796875 0.0609375 0.060546875
1 0.12421875 0.5029296875 0.0328125 0.068359375
1 0.059375 0.5166015625 0.078125 0.068359375
0 0.015625 0.44921875 0.021875 0.1015625
0 0.1359375 0.4462890625 0.021875 0.052734375
0 0.70546875 0.4462890625 0.0234375 0.056640625
0 0.6515625 0.4599609375 0.028125 0.087890625
0 0.61171875 0.4638671875 0.0203125 0.080078125
0 0.5828125 0.4658203125 0.01875 0.076171875
1 0.571875 0.48046875 0.015625 0.046875
2 0.40703125 0.46484375 0.0359375 0.03515625
