0 0.0375 0.6162109375 0.078125 0.248046875
1 0.03125 0.7197265625 0.059375 0.138671875
2 0.1203125 0.5703125 0.134375 0.15625
2 0.2 0.4765625 0.065625 0.046875
2 0.24140625 0.455078125 0.0984375 0.0703125
2 0.3796875 0.490234375 0.06875 0.0703125
2 0.5953125 0.484375 0.046875 0.07421875
2 0.63203125 0.501953125 0.0734375 0.078125
2 0.68125 0.5390625 0.121875 0.11328125
2 0.7140625 0.572265625 0.140625 0.1484375
2 0.84765625 0.64453125 0.2921875 0.2890625
2 0.9171875 0.81640625 0.153125 0.35546875
2 0.50703125 0.44140625 0.0234375 0.03125
2 0.3140625 0.46484375 0.05 0.0390625
2 0.453125 0.44921875 0.025 0.0234375
2 0.56015625 0.4560546875 0.0359375 0.041015625
