0 0.89296875 0.5859375 0.0921875 0.35546875
0 0.67578125 0.4609375 0.0296875 0.0703125
0 0.3390625 0.43359375 0.01875 0.0390625
2 0.9625 0.5205078125 0.065625 0.150390625
2 0.7671875 0.4931640625 0.1 0.095703125
2 0.37578125 0.4609375 0.0515625 0.05078125
2 0.2984375 0.474609375 0.10625 0.10546875
2 0.2203125 0.4619140625 0.0875 0.064453125
2 0.05859375 0.443359375 0.1078125 0.04296875
2 0.403125 0.453125 0.04375 0.0546875
2 0.61328125 0.451171875 0.0234375 0.03515625
2 0.5875 0.455078125 0.04375 0.05078125
2 0.546875 0.439453125 0.01875 0.0234375
2 0.440625 0.44921875 0.025 0.0390625
2 0.46953125 0.439453125 0.0234375 0.03125
2 0.65390625 0.453125 0.0328125 0.0390625
2 0.8546875 0.4892578125 0.028125 0.076171875
