2 0.61640625 0.4599609375 0.0828125 0.087890625
2 0.56484375 0.447265625 0.0453125 0.0703125
2 0.53203125 0.4462890625 0.0359375 0.041015625
2 0.50859375 0.4423828125 0.0265625 0.025390625
2 0.48984375 0.439453125 0.0203125 0.0234375
2 0.465625 0.44140625 0.021875 0.0234375
2 0.44453125 0.439453125 0.0140625 0.01953125
2 0.3421875 0.458984375 0.053125 0.07421875
2 0.31171875 0.4677734375 0.0265625 0.083984375
0 0.28203125 0.466796875 0.0328125 0.16015625
2 0.24453125 0.4716796875 0.0421875 0.087890625
