2 0.07578125 0.4921875 0.1515625 0.23046875
0 0.08671875 0.380859375 0.0359375 0.046875
0 0.125 0.396484375 0.0375 0.11328125
2 0.240625 0.42578125 0.06875 0.0625
2 0.19140625 0.4296875 0.0546875 0.078125
2 0.315625 0.419921875 0.046875 0.046875
2 0.50546875 0.4404296875 0.0765625 0.068359375
2 0.54296875 0.4677734375 0.1078125 0.103515625
2 0.87734375 0.470703125 0.2359375 0.078125
2 0.425 0.4267578125 0.025 0.025390625
0 0.4046875 0.4228515625 0.015625 0.037109375
2 0.159375 0.4345703125 0.046875 0.087890625
2 0.27734375 0.4248046875 0.0328125 0.060546875
2 0.346875 0.4228515625 0.028125 0.037109375
2 0.36796875 0.423828125 0.0203125 0.03125
0 0.45078125 0.42578125 0.0140625 0.03515625
0 0.390625 0.419921875 0.01875 0.0390625
2 0.86015625 0.5458984375 0.2046875 0.076171875
2 0.9453125 0.423828125 0.103125 0.04296875
