0 0.528125 0.505859375 0.040625 0.140625
0 0.446875 0.50390625 0.040625 0.1328125
0 0.40703125 0.462890625 0.0171875 0.05078125
2 0.15625 0.5341796875 0.18125 0.154296875
2 0.2625 0.5224609375 0.0625 0.091796875
2 0.2984375 0.5048828125 0.065625 0.076171875
2 0.32578125 0.4912109375 0.0421875 0.060546875
2 0.34921875 0.474609375 0.0546875 0.06640625
2 0.63046875 0.5107421875 0.0984375 0.119140625
2 0.70859375 0.517578125 0.1515625 0.171875
2 0.78046875 0.6259765625 0.2359375 0.220703125
1 0.44453125 0.54296875 0.0265625 0.08203125
2 0.225 0.453125 0.05 0.03515625
2 0.38828125 0.4658203125 0.0328125 0.044921875
2 0.284375 0.4453125 0.04375 0.04296875
2 0.46796875 0.4453125 0.0265625 0.02734375
2 0.5828125 0.490234375 0.05 0.08984375
