2 0.1140625 0.4609375 0.075 0.04296875
2 0.053125 0.4580078125 0.071875 0.041015625
2 0.90234375 0.4716796875 0.0671875 0.052734375
2 0.93828125 0.4658203125 0.0359375 0.041015625
2 0.96640625 0.4638671875 0.0421875 0.037109375
0 0.6296875 0.54296875 0.08125 0.15625
1 0.62734375 0.6396484375 0.0671875 0.099609375
1 0.7453125 0.5341796875 0.040625 0.087890625
1 0.68828125 0.53125 0.0328125 0.06640625
1 0.88828125 0.5263671875 0.0234375 0.041015625
1 0.91171875 0.533203125 0.0203125 0.03515625
1 0.93828125 0.5341796875 0.0265625 0.041015625
