0 0.88984375 0.533203125 0.0796875 0.31640625
2 0.5046875 0.4736328125 0.034375 0.087890625
0 0.4640625 0.4921875 0.03125 0.11328125
2 0.4203125 0.4794921875 0.053125 0.044921875
2 0.37734375 0.46875 0.0328125 0.04296875
2 0.23984375 0.4794921875 0.0671875 0.056640625
0 0.19609375 0.48046875 0.0203125 0.05078125
2 0.16875 0.4794921875 0.034375 0.056640625
2 0.11640625 0.462890625 0.0265625 0.0234375
2 0.10234375 0.46484375 0.0234375 0.0234375
2 0.078125 0.466796875 0.025 0.0234375
2 0.046875 0.46484375 0.03125 0.02734375
2 0.00859375 0.4736328125 0.0203125 0.029296875
