2 0.9125 0.515625 0.16875 0.2109375
2 0.79765625 0.4912109375 0.1578125 0.138671875
2 0.71328125 0.4619140625 0.1140625 0.123046875
2 0.64453125 0.4619140625 0.0578125 0.083984375
0 0.59453125 0.4375 0.0171875 0.04296875
2 0.515625 0.4384765625 0.025 0.021484375
2 0.4046875 0.443359375 0.021875 0.0234375
2 0.3609375 0.451171875 0.0375 0.0390625
2 0.33046875 0.4580078125 0.0265625 0.052734375
2 0.28515625 0.44921875 0.0859375 0.0859375
2 0.25703125 0.46875 0.0546875 0.0703125
2 0.1859375 0.47265625 0.096875 0.09765625
2 0.1140625 0.5830078125 0.23125 0.400390625
