2 0.184375 0.53125 0.153125 0.140625
2 0.27421875 0.49609375 0.0703125 0.09765625
2 0.334375 0.4736328125 0.046875 0.056640625
2 0.4515625 0.453125 0.0375 0.03515625
2 0.6875 0.5908203125 0.18125 0.193359375
2 0.8359375 0.677734375 0.315625 0.296875
2 0.95625 0.9013671875 0.08125 0.189453125
2 0.6265625 0.5146484375 0.14375 0.169921875
2 0.484375 0.4423828125 0.028125 0.033203125
0 0.50078125 0.4580078125 0.0203125 0.044921875
0 0.8671875 0.4208984375 0.01875 0.029296875
0 0.8546875 0.4189453125 0.0125 0.029296875
2 0.315625 0.48828125 0.028125 0.0625
2 0.36640625 0.466796875 0.0296875 0.04296875
2 0.38046875 0.4619140625 0.0265625 0.041015625
2 0.525 0.458984375 0.021875 0.046875
2 0.55078125 0.4814453125 0.0296875 0.056640625
2 0.5671875 0.486328125 0.034375 0.06640625
