2 0.8140625 0.55859375 0.134375 0.12109375
2 0.7859375 0.5302734375 0.121875 0.126953125
2 0.4015625 0.4853515625 0.046875 0.044921875
2 0.44296875 0.515625 0.0703125 0.0625
2 0.371875 0.5244140625 0.08125 0.095703125
2 0.3140625 0.5341796875 0.08125 0.119140625
2 0.18046875 0.5478515625 0.2296875 0.189453125
2 0.50390625 0.5048828125 0.0453125 0.041015625
0 0.6734375 0.5146484375 0.040625 0.119140625
0 0.6484375 0.5107421875 0.021875 0.095703125
0 0.6296875 0.5087890625 0.021875 0.087890625
2 0.52890625 0.494140625 0.0328125 0.03515625
2 0.55234375 0.490234375 0.0234375 0.02734375
