1 0.54375 0.576171875 0.021875 0.08203125
1 0.321875 0.525390625 0.028125 0.0703125
0 0.59296875 0.517578125 0.0234375 0.109375
0 0.54375 0.517578125 0.05 0.125
0 0.325 0.4990234375 0.025 0.087890625
2 0.965625 0.5439453125 0.0625 0.111328125
2 0.9078125 0.5244140625 0.1125 0.126953125
2 0.76953125 0.4775390625 0.0921875 0.072265625
2 0.69140625 0.533203125 0.1484375 0.14453125
2 0.034375 0.619140625 0.06875 0.171875
2 0.11640625 0.580078125 0.1609375 0.15625
2 0.26875 0.5078125 0.1 0.109375
2 0.40078125 0.46484375 0.0265625 0.046875
2 0.42578125 0.4609375 0.0359375 0.0390625
0 0.47265625 0.447265625 0.0140625 0.04296875
0 0.459375 0.447265625 0.0125 0.04296875
0 0.44921875 0.4453125 0.0109375 0.04296875
2 0.890625 0.455078125 0.090625 0.0390625
