2 0.053125 0.4912109375 0.103125 0.107421875
2 0.1375 0.5322265625 0.209375 0.146484375
2 0.2546875 0.509765625 0.08125 0.109375
2 0.321875 0.5029296875 0.071875 0.095703125
2 0.38046875 0.486328125 0.0546875 0.0625
2 0.421875 0.48046875 0.03125 0.0546875
2 0.51015625 0.5517578125 0.1828125 0.185546875
2 0.6625 0.515625 0.06875 0.0859375
2 0.59609375 0.484375 0.0359375 0.07421875
2 0.74609375 0.525390625 0.1765625 0.16015625
2 0.75859375 0.568359375 0.1296875 0.16015625
2 0.8765625 0.6103515625 0.2375 0.380859375
2 0.3984375 0.478515625 0.040625 0.0703125
2 0.4546875 0.458984375 0.021875 0.0390625
2 0.63203125 0.4892578125 0.0515625 0.083984375
