1 0.54296875 0.5576171875 0.0734375 0.123046875
1 0.46640625 0.5703125 0.0703125 0.0859375
1 0.275 0.5498046875 0.05 0.115234375
1 0.234375 0.564453125 0.03125 0.06640625
2 0.03984375 0.5029296875 0.0828125 0.119140625
0 0.25390625 0.5 0.0484375 0.18359375
0 0.4984375 0.490234375 0.06875 0.1953125
2 0.1765625 0.478515625 0.090625 0.08984375
2 0.3265625 0.4755859375 0.05625 0.068359375
2 0.55546875 0.4775390625 0.0734375 0.087890625
2 0.36015625 0.4697265625 0.0296875 0.044921875
2 0.296875 0.484375 0.046875 0.078125
