2 0.159375 0.4775390625 0.053125 0.087890625
2 0.04140625 0.5 0.0828125 0.12109375
0 0.30859375 0.46484375 0.0296875 0.0703125
0 0.27421875 0.478515625 0.0421875 0.09765625
0 0.23515625 0.4794921875 0.0484375 0.115234375
0 0.1953125 0.4873046875 0.046875 0.158203125
0 0.390625 0.4990234375 0.10625 0.197265625
0 0.56484375 0.5302734375 0.1328125 0.341796875
1 0.6296875 0.6123046875 0.146875 0.216796875
1 0.471875 0.6455078125 0.109375 0.146484375
1 0.43203125 0.55078125 0.0921875 0.12890625
1 0.340625 0.572265625 0.065625 0.09375
1 0.3109375 0.498046875 0.025 0.046875
1 0.27421875 0.5185546875 0.0328125 0.056640625
1 0.2359375 0.5283203125 0.0375 0.064453125
1 0.19375 0.5390625 0.028125 0.0859375
