2 0.9015625 0.583984375 0.190625 0.40625
2 0.7078125 0.5341796875 0.1875 0.185546875
2 0.62734375 0.49609375 0.1359375 0.14453125
2 0.5609375 0.48828125 0.071875 0.1015625
2 0.52421875 0.4794921875 0.0421875 0.091796875
2 0.4109375 0.4501953125 0.0375 0.041015625
2 0.3796875 0.419921875 0.015625 0.015625
2 0.3625 0.41796875 0.015625 0.01953125
2 0.35625 0.421875 0.015625 0.01953125
2 0.340625 0.421875 0.015625 0.01953125
2 0.3546875 0.4501953125 0.025 0.029296875
2 0.32109375 0.4755859375 0.0703125 0.076171875
0 0.2328125 0.4541015625 0.01875 0.044921875
0 0.14375 0.498046875 0.0375 0.17578125
0 0.115625 0.5234375 0.03125 0.13671875
2 0.19296875 0.494140625 0.0578125 0.11328125
2 0.090625 0.517578125 0.01875 0.0703125
