2 0.8859375 0.5712890625 0.221875 0.412109375
2 0.76171875 0.5205078125 0.2234375 0.228515625
2 0.6484375 0.5 0.090625 0.10546875
2 0.60546875 0.4873046875 0.0828125 0.103515625
2 0.5640625 0.482421875 0.065625 0.08203125
2 0.459375 0.4541015625 0.040625 0.044921875
2 0.43984375 0.4501953125 0.0203125 0.025390625
2 0.4234375 0.4208984375 0.01875 0.021484375
2 0.40078125 0.421875 0.0203125 0.02734375
0 0.41953125 0.4833984375 0.0296875 0.091796875
0 0.3875 0.4736328125 0.021875 0.123046875
2 0.3640625 0.4677734375 0.01875 0.056640625
2 0.275 0.48828125 0.090625 0.09375
