2 0.9515625 0.5556640625 0.090625 0.216796875
2 0.81640625 0.51171875 0.3578125 0.2578125
0 0.6265625 0.5068359375 0.040625 0.185546875
2 0.609375 0.47265625 0.175 0.1484375
2 0.50078125 0.4892578125 0.0609375 0.076171875
2 0.4765625 0.4814453125 0.096875 0.072265625
2 0.4046875 0.4716796875 0.075 0.052734375
2 0.3453125 0.46875 0.05 0.0546875
2 0.30625 0.470703125 0.03125 0.0390625
2 0.2796875 0.466796875 0.028125 0.0390625
2 0.1953125 0.48828125 0.0375 0.09375
2 0.021875 0.548828125 0.046875 0.2109375
2 0.07109375 0.484375 0.1453125 0.19140625
2 0.2125 0.4794921875 0.0625 0.095703125
2 0.70859375 0.419921875 0.1015625 0.07421875
