0 0.8546875 0.48046875 0.025 0.11328125
2 0.68203125 0.4853515625 0.1734375 0.181640625
2 0.57421875 0.4853515625 0.0546875 0.056640625
2 0.53828125 0.4736328125 0.0234375 0.041015625
2 0.521875 0.4794921875 0.01875 0.029296875
2 0.51015625 0.4619140625 0.0140625 0.021484375
2 0.48828125 0.4775390625 0.0328125 0.037109375
2 0.4546875 0.4609375 0.015625 0.015625
2 0.4359375 0.47265625 0.03125 0.0390625
2 0.3859375 0.4775390625 0.01875 0.033203125
2 0.3640625 0.482421875 0.04375 0.0390625
0 0.32265625 0.4658203125 0.0171875 0.037109375
1 0.32421875 0.5 0.0171875 0.03125
