2 0.684375 0.51171875 0.1875 0.19140625
2 0.571875 0.498046875 0.04375 0.078125
2 0.54921875 0.49609375 0.0265625 0.05078125
2 0.52890625 0.494140625 0.0203125 0.0390625
2 0.48671875 0.49609375 0.0234375 0.0234375
2 0.44296875 0.4990234375 0.0203125 0.025390625
2 0.4140625 0.4921875 0.021875 0.0390625
2 0.3875 0.4951171875 0.034375 0.052734375
2 0.3375 0.4921875 0.0625 0.0703125
2 0.2515625 0.5087890625 0.1125 0.091796875
0 0.17265625 0.48828125 0.0203125 0.08203125
2 0.08203125 0.5185546875 0.1671875 0.185546875
