0 0.153125 0.478515625 0.05 0.1953125
0 0.23125 0.4765625 0.03125 0.109375
0 0.88828125 0.4296875 0.0515625 0.0703125
2 0.796875 0.5048828125 0.296875 0.162109375
2 0.56640625 0.48046875 0.2015625 0.15234375
2 0.44296875 0.486328125 0.0734375 0.10546875
2 0.34453125 0.4560546875 0.1953125 0.134765625
2 0.0171875 0.5146484375 0.0375 0.099609375
0 0.0296875 0.462890625 0.021875 0.05859375
0 0.08125 0.4658203125 0.021875 0.060546875
2 0.1078125 0.4677734375 0.04375 0.060546875
2 0.065625 0.46875 0.028125 0.04296875
2 0.19921875 0.4755859375 0.0328125 0.064453125
