2 0.37578125 0.51953125 0.2484375 0.1484375
0 0.8734375 0.53515625 0.084375 0.2734375
0 0.96015625 0.505859375 0.0671875 0.31640625
2 0.80703125 0.4638671875 0.0546875 0.072265625
0 0.63203125 0.4619140625 0.0359375 0.115234375
0 0.66796875 0.4619140625 0.0296875 0.115234375
0 0.703125 0.46484375 0.03125 0.1171875
0 0.12578125 0.4873046875 0.0203125 0.033203125
0 0.6015625 0.453125 0.021875 0.0546875
2 0.72734375 0.4560546875 0.0328125 0.072265625
0 0.47265625 0.4609375 0.0203125 0.046875
2 0.91171875 0.412109375 0.0609375 0.0546875
