0 0.75 0.5283203125 0.040625 0.123046875
0 0.71953125 0.5078125 0.0234375 0.1328125
0 0.7015625 0.482421875 0.01875 0.07421875
2 0.51875 0.4755859375 0.034375 0.041015625
2 0.4765625 0.4775390625 0.025 0.041015625
0 0.446875 0.4755859375 0.0125 0.044921875
2 0.35546875 0.4765625 0.0328125 0.03125
2 0.315625 0.4765625 0.046875 0.046875
2 0.25703125 0.4775390625 0.0734375 0.072265625
2 0.2125 0.47265625 0.028125 0.03515625
2 0.12265625 0.4794921875 0.0671875 0.056640625
0 0.078125 0.470703125 0.01875 0.0546875
2 0.0375 0.4794921875 0.078125 0.041015625
2 0.16875 0.4794921875 0.025 0.029296875
