3 0.809375 0.5947265625 0.040625 0.064453125
0 0.7234375 0.5341796875 0.065625 0.162109375
2 0.53671875 0.52734375 0.1171875 0.1171875
2 0.50703125 0.49609375 0.0859375 0.09765625
2 0.26875 0.455078125 0.046875 0.0625
2 0.22578125 0.46875 0.0546875 0.07421875
2 0.1921875 0.4853515625 0.071875 0.076171875
2 0.10390625 0.51171875 0.1171875 0.109375
1 0.021875 0.6650390625 0.046875 0.087890625
0 0.02265625 0.56640625 0.0453125 0.1875
2 0.08125 0.4482421875 0.078125 0.052734375
0 0.33828125 0.4482421875 0.0203125 0.033203125
2 0.3046875 0.455078125 0.021875 0.03515625
2 0.4421875 0.46484375 0.034375 0.0390625
2 0.4625 0.4765625 0.040625 0.0625
