2 0.87265625 0.548828125 0.2484375 0.3359375
1 0.7328125 0.5830078125 0.03125 0.060546875
0 0.78046875 0.4580078125 0.0296875 0.037109375
2 0.6484375 0.4892578125 0.13125 0.119140625
2 0.5671875 0.484375 0.034375 0.0859375
2 0.51875 0.4736328125 0.028125 0.033203125
2 0.4515625 0.5029296875 0.134375 0.134765625
2 0.3734375 0.474609375 0.021875 0.03515625
2 0.35546875 0.4765625 0.0234375 0.0390625
2 0.32265625 0.48046875 0.0421875 0.04296875
0 0.26328125 0.4736328125 0.0140625 0.044921875
2 0.17421875 0.4931640625 0.0828125 0.072265625
2 0.0671875 0.47265625 0.1375 0.15625
