2 0.90390625 0.4912109375 0.1859375 0.255859375
2 0.8484375 0.474609375 0.228125 0.1953125
0 0.71953125 0.484375 0.0234375 0.0859375
2 0.596875 0.5 0.240625 0.31640625
2 0.4421875 0.48046875 0.075 0.09375
0 0.38046875 0.4921875 0.1296875 0.26953125
1 0.33984375 0.6376953125 0.1171875 0.193359375
2 0.278125 0.4638671875 0.140625 0.193359375
2 0.240625 0.494140625 0.075 0.1953125
2 0.1203125 0.482421875 0.24375 0.28125
2 0.08359375 0.53125 0.1703125 0.30078125
1 0.42265625 0.6220703125 0.0359375 0.142578125
