2 0.95234375 0.6748046875 0.0890625 0.322265625
2 0.43828125 0.47265625 0.0890625 0.07421875
2 0.459375 0.4599609375 0.0625 0.080078125
2 0.49375 0.4521484375 0.040625 0.060546875
2 0.3421875 0.4638671875 0.075 0.072265625
1 0.11875 0.51953125 0.1 0.05859375
1 0.6109375 0.474609375 0.015625 0.03515625
1 0.64609375 0.4736328125 0.0140625 0.029296875
0 0.70078125 0.4560546875 0.0203125 0.041015625
0 0.934375 0.4560546875 0.034375 0.087890625
0 0.9734375 0.4453125 0.028125 0.10546875
0 0.1984375 0.458984375 0.021875 0.07421875
0 0.21640625 0.45703125 0.0203125 0.078125
0 0.29140625 0.4541015625 0.0171875 0.052734375
0 0.775 0.43359375 0.021875 0.03515625
0 0.6421875 0.4404296875 0.021875 0.033203125
0 0.6109375 0.4404296875 0.01875 0.037109375
2 0.38359375 0.4609375 0.0359375 0.06640625
0 0.16796875 0.4287109375 0.0234375 0.041015625
0 0.12734375 0.4560546875 0.0484375 0.068359375
