2 0.5375 0.5 0.103125 0.10546875
2 0.41484375 0.486328125 0.0203125 0.0234375
0 0.31640625 0.482421875 0.0109375 0.03125
0 0.30625 0.4833984375 0.009375 0.029296875
0 0.2953125 0.484375 0.0125 0.02734375
0 0.284375 0.4833984375 0.009375 0.029296875
0 0.27421875 0.482421875 0.0109375 0.03125
0 0.26328125 0.482421875 0.0109375 0.03515625
0 0.2515625 0.4814453125 0.0125 0.037109375
0 0.2375 0.4833984375 0.0125 0.037109375
0 0.22734375 0.482421875 0.0109375 0.03125
0 0.2125 0.482421875 0.009375 0.03515625
0 0.19765625 0.4833984375 0.0109375 0.044921875
0 0.1875 0.4853515625 0.0125 0.044921875
0 0.1734375 0.484375 0.0125 0.046875
0 0.16328125 0.4873046875 0.0078125 0.048828125
0 0.159375 0.484375 0.015625 0.046875
0 0.146875 0.4853515625 0.0125 0.048828125
0 0.13359375 0.484375 0.0140625 0.05859375
0 0.103125 0.494140625 0.01875 0.05859375
0 0.0796875 0.4912109375 0.01875 0.060546875
0 0.0625 0.4951171875 0.01875 0.056640625
0 0.01015625 0.494140625 0.0203125 0.0703125
