2 0.9328125 0.5478515625 0.128125 0.173828125
2 0.78984375 0.537109375 0.1546875 0.1484375
2 0.7078125 0.5146484375 0.034375 0.056640625
2 0.65078125 0.4892578125 0.0421875 0.037109375
2 0.609375 0.48828125 0.03125 0.03515625
2 0.58046875 0.48828125 0.0234375 0.03515625
2 0.55703125 0.4892578125 0.0265625 0.037109375
0 0.4328125 0.474609375 0.01875 0.03515625
1 0.434375 0.509765625 0.01875 0.03515625
0 0.40625 0.4892578125 0.01875 0.056640625
0 0.21171875 0.4931640625 0.0203125 0.072265625
2 0.98125 0.5830078125 0.03125 0.130859375
