2 0.84609375 0.556640625 0.3015625 0.3515625
2 0.675 0.521484375 0.134375 0.140625
2 0.6203125 0.4951171875 0.1125 0.119140625
2 0.5546875 0.484375 0.071875 0.09765625
2 0.43984375 0.4521484375 0.0328125 0.033203125
2 0.421875 0.4453125 0.021875 0.0234375
2 0.41015625 0.4267578125 0.0171875 0.017578125
2 0.3828125 0.421875 0.01875 0.0234375
2 0.384375 0.44921875 0.021875 0.0234375
2 0.36875 0.423828125 0.015625 0.01953125
2 0.35703125 0.4736328125 0.0546875 0.064453125
0 0.29609375 0.4833984375 0.0484375 0.146484375
2 0.2203125 0.4951171875 0.103125 0.111328125
0 0.28984375 0.498046875 0.0359375 0.11328125
