2 0.60390625 0.48046875 0.0578125 0.06640625
2 0.6296875 0.50390625 0.08125 0.078125
2 0.73046875 0.568359375 0.1578125 0.14453125
2 0.86015625 0.6552734375 0.2671875 0.228515625
2 0.96640625 0.8125 0.0515625 0.1796875
2 0.3921875 0.462890625 0.040625 0.0390625
2 0.3703125 0.482421875 0.053125 0.0625
2 0.30546875 0.494140625 0.0953125 0.11328125
0 0.49140625 0.4501953125 0.0171875 0.048828125
2 0.421875 0.4453125 0.03125 0.03515625
0 0.45390625 0.4521484375 0.0203125 0.044921875
0 0.5203125 0.4541015625 0.01875 0.041015625
2 0.5625 0.4609375 0.0375 0.0546875
2 0.5375 0.455078125 0.028125 0.0390625
