2 0.2328125 0.4599609375 0.040625 0.044921875
2 0.57578125 0.4775390625 0.0703125 0.072265625
0 0.253125 0.474609375 0.059375 0.12109375
0 0.0578125 0.5703125 0.11875 0.40234375
0 0.30546875 0.6220703125 0.1359375 0.271484375
0 0.390625 0.4853515625 0.06875 0.138671875
1 0.415625 0.546875 0.065625 0.06640625
1 0.76875 0.5947265625 0.1625 0.099609375
0 0.76875 0.4619140625 0.028125 0.076171875
0 0.715625 0.458984375 0.028125 0.078125
0 0.7625 0.5302734375 0.09375 0.185546875
0 0.16875 0.44140625 0.021875 0.04296875
2 0.54296875 0.46484375 0.0328125 0.04296875
2 0.53203125 0.45703125 0.0296875 0.04296875
2 0.51484375 0.4501953125 0.0203125 0.029296875
0 0.68671875 0.451171875 0.0203125 0.0625
0 0.85234375 0.4404296875 0.0296875 0.033203125
0 0.9859375 0.4404296875 0.021875 0.037109375
2 0.18671875 0.4619140625 0.0359375 0.033203125
