0 0.753125 0.5361328125 0.059375 0.146484375
2 0.859375 0.4970703125 0.0875 0.107421875
2 0.77734375 0.49609375 0.0484375 0.109375
2 0.50625 0.462890625 0.053125 0.0546875
2 0.278125 0.490234375 0.04375 0.06640625
2 0.23359375 0.5 0.0859375 0.078125
1 0.9234375 0.5517578125 0.04375 0.099609375
1 0.9828125 0.5888671875 0.028125 0.076171875
2 0.296875 0.48046875 0.028125 0.05078125
2 0.31484375 0.474609375 0.0203125 0.04296875
2 0.328125 0.4677734375 0.021875 0.041015625
2 0.34375 0.4619140625 0.021875 0.037109375
2 0.37734375 0.4482421875 0.0265625 0.029296875
