0 0.9859375 0.4248046875 0.021875 0.083984375
0 0.965625 0.4267578125 0.01875 0.083984375
0 0.89765625 0.4462890625 0.0234375 0.091796875
0 0.83125 0.44921875 0.021875 0.0859375
0 0.8046875 0.41796875 0.009375 0.03125
0 0.7625 0.419921875 0.015625 0.03125
2 0.62578125 0.4990234375 0.1390625 0.130859375
2 0.5453125 0.47265625 0.0375 0.09375
2 0.52890625 0.462890625 0.0453125 0.07421875
2 0.50859375 0.4521484375 0.0265625 0.052734375
2 0.484375 0.447265625 0.028125 0.03515625
2 0.4375 0.45703125 0.059375 0.06640625
2 0.39453125 0.443359375 0.0234375 0.03125
2 0.36640625 0.4482421875 0.0234375 0.033203125
2 0.3453125 0.4521484375 0.028125 0.037109375
2 0.32734375 0.4560546875 0.0234375 0.044921875
2 0.309375 0.46484375 0.028125 0.05859375
2 0.28359375 0.470703125 0.0296875 0.046875
2 0.2484375 0.4716796875 0.040625 0.091796875
2 0.18125 0.494140625 0.1 0.08203125
2 0.20859375 0.4423828125 0.0421875 0.025390625
2 0.06640625 0.501953125 0.1328125 0.1875
0 0.72421875 0.427734375 0.0203125 0.03515625
