2 0.984375 0.423828125 0.025 0.03515625
2 0.9328125 0.3994140625 0.121875 0.033203125
2 0.77890625 0.453125 0.0578125 0.046875
2 0.7140625 0.4404296875 0.06875 0.064453125
2 0.8703125 0.482421875 0.253125 0.125
0 0.60078125 0.4384765625 0.0203125 0.060546875
0 0.58515625 0.431640625 0.0203125 0.0703125
0 0.56484375 0.41796875 0.0203125 0.0546875
0 0.540625 0.421875 0.01875 0.04296875
2 0.40703125 0.4326171875 0.0359375 0.033203125
2 0.346875 0.46875 0.18125 0.10546875
2 0.16640625 0.478515625 0.0953125 0.08984375
