0 0.90234375 0.478515625 0.0265625 0.0703125
0 0.78125 0.4453125 0.021875 0.03515625
0 0.69140625 0.4736328125 0.0171875 0.029296875
0 0.6546875 0.474609375 0.01875 0.03125
2 0.92421875 0.5986328125 0.1453125 0.384765625
2 0.76640625 0.5380859375 0.2203125 0.162109375
2 0.53515625 0.4765625 0.0953125 0.10546875
2 0.4828125 0.4921875 0.103125 0.1015625
2 0.38203125 0.4775390625 0.0328125 0.033203125
2 0.3484375 0.4765625 0.025 0.03125
2 0.30703125 0.4765625 0.0296875 0.02734375
2 0.19453125 0.5 0.1359375 0.1015625
2 0.0640625 0.5224609375 0.13125 0.138671875
