2 0.0734375 0.6005859375 0.146875 0.306640625
2 0.18515625 0.560546875 0.1171875 0.16796875
2 0.26640625 0.5380859375 0.0671875 0.107421875
2 0.3921875 0.4697265625 0.0625 0.068359375
2 0.4375 0.4599609375 0.040625 0.044921875
2 0.46015625 0.4501953125 0.0359375 0.056640625
2 0.61953125 0.4765625 0.0671875 0.0703125
2 0.7734375 0.44921875 0.053125 0.05859375
2 0.79921875 0.4541015625 0.0453125 0.060546875
2 0.80546875 0.46484375 0.0515625 0.07421875
2 0.91328125 0.4521484375 0.1671875 0.091796875
2 0.49609375 0.447265625 0.0265625 0.03125
2 0.51328125 0.443359375 0.0234375 0.02734375
2 0.534375 0.4384765625 0.021875 0.025390625
