0 0.9453125 0.517578125 0.034375 0.140625
0 0.9 0.5244140625 0.034375 0.138671875
0 0.859375 0.51953125 0.01875 0.14453125
0 0.8390625 0.509765625 0.025 0.125
0 0.8171875 0.5185546875 0.025 0.115234375
0 0.79375 0.5126953125 0.0125 0.083984375
0 0.7421875 0.51953125 0.01875 0.08984375
0 0.71875 0.513671875 0.021875 0.09375
0 0.62890625 0.48828125 0.0171875 0.05859375
0 0.6734375 0.5107421875 0.01875 0.076171875
0 0.76640625 0.517578125 0.0203125 0.109375
0 0.696875 0.5146484375 0.021875 0.083984375
0 0.65625 0.4921875 0.015625 0.05859375
2 0.40859375 0.44921875 0.0203125 0.0234375
2 0.37890625 0.451171875 0.0265625 0.02734375
2 0.45234375 0.4658203125 0.0671875 0.029296875
2 0.3921875 0.474609375 0.025 0.02734375
2 0.3515625 0.46875 0.021875 0.02734375
2 0.3703125 0.490234375 0.05 0.04296875
2 0.3109375 0.494140625 0.0375 0.05078125
2 0.40390625 0.541015625 0.0734375 0.10546875
2 0.49609375 0.5498046875 0.1546875 0.146484375
0 0.33359375 0.48828125 0.0109375 0.046875
0 0.28359375 0.4892578125 0.0171875 0.044921875
0 0.22734375 0.4873046875 0.0109375 0.052734375
0 0.21796875 0.4951171875 0.0140625 0.056640625
0 0.1890625 0.494140625 0.015625 0.0546875
0 0.1703125 0.494140625 0.015625 0.05078125
0 0.15859375 0.4951171875 0.0140625 0.048828125
0 0.134375 0.5263671875 0.021875 0.083984375
2 0.0734375 0.515625 0.103125 0.08203125
