2 0.8015625 0.4296875 0.171875 0.09765625
0 0.02265625 0.4443359375 0.0421875 0.134765625
0 0.2109375 0.447265625 0.04375 0.12890625
0 0.26171875 0.435546875 0.0453125 0.10546875
0 0.35 0.4375 0.028125 0.06640625
0 0.3953125 0.4306640625 0.028125 0.083984375
0 0.175 0.4365234375 0.028125 0.056640625
0 0.14921875 0.439453125 0.0328125 0.05078125
1 0.2625 0.46875 0.040625 0.05078125
1 0.0265625 0.5 0.05625 0.06640625
2 0.0625 0.4228515625 0.125 0.099609375
2 0.4953125 0.4248046875 0.040625 0.041015625
1 0.346875 0.4609375 0.040625 0.046875
0 0.0875 0.451171875 0.046875 0.109375
