2 0.42109375 0.50390625 0.0421875 0.0390625
2 0.52578125 0.4892578125 0.0234375 0.025390625
2 0.56875 0.5068359375 0.05625 0.064453125
1 0.9171875 0.603515625 0.071875 0.15234375
0 0.93125 0.4931640625 0.021875 0.060546875
0 0.9046875 0.4892578125 0.03125 0.068359375
0 0.87578125 0.48828125 0.0265625 0.05078125
0 0.1578125 0.4873046875 0.025 0.052734375
0 0.19765625 0.4912109375 0.0203125 0.044921875
0 0.7171875 0.4853515625 0.025 0.041015625
0 0.67890625 0.494140625 0.0203125 0.046875
0 0.78984375 0.478515625 0.0234375 0.04296875
0 0.23984375 0.498046875 0.0234375 0.05859375
