0 0.6625 0.453125 0.021875 0.08203125
0 0.6484375 0.46484375 0.01875 0.09765625
2 0.48984375 0.4951171875 0.1203125 0.138671875
2 0.39609375 0.462890625 0.0296875 0.03125
0 0.28125 0.46875 0.0125 0.03515625
0 0.2734375 0.4677734375 0.009375 0.029296875
0 0.26015625 0.466796875 0.0109375 0.0390625
0 0.321875 0.4677734375 0.009375 0.029296875
0 0.3078125 0.466796875 0.009375 0.02734375
0 0.2984375 0.4697265625 0.009375 0.025390625
0 0.23515625 0.470703125 0.0140625 0.046875
0 0.21875 0.4755859375 0.0125 0.041015625
0 0.2015625 0.47265625 0.0125 0.0390625
0 0.06015625 0.46875 0.0203125 0.02734375
1 0.06171875 0.501953125 0.0234375 0.03515625
