0 0.54921875 0.4765625 0.0203125 0.046875
0 0.56328125 0.4736328125 0.0234375 0.052734375
0 0.39765625 0.462890625 0.0203125 0.05078125
2 0.03359375 0.5078125 0.0703125 0.21484375
2 0.1203125 0.5234375 0.11875 0.15234375
2 0.6765625 0.5166015625 0.140625 0.138671875
2 0.7328125 0.5712890625 0.2 0.193359375
2 0.84765625 0.6484375 0.2921875 0.3046875
2 0.33125 0.4638671875 0.046875 0.033203125
2 0.8171875 0.46484375 0.125 0.06640625
2 0.46484375 0.4697265625 0.0359375 0.037109375
0 0.43984375 0.462890625 0.0234375 0.04296875
0 0.4234375 0.462890625 0.021875 0.04296875
0 0.38359375 0.4609375 0.0203125 0.05078125
0 0.35078125 0.458984375 0.0203125 0.04296875
2 0.18515625 0.466796875 0.0796875 0.0859375
