0 0.19453125 0.4873046875 0.0296875 0.087890625
0 0.34296875 0.474609375 0.0234375 0.05859375
0 0.59140625 0.486328125 0.0296875 0.078125
0 0.71640625 0.4931640625 0.0328125 0.099609375
2 0.28359375 0.5224609375 0.1078125 0.119140625
2 0.61171875 0.466796875 0.0421875 0.04296875
2 0.68359375 0.45703125 0.0546875 0.03515625
2 0.5546875 0.4580078125 0.028125 0.029296875
2 0.4375 0.447265625 0.0375 0.02734375
2 0.4640625 0.451171875 0.0375 0.03125
0 0.2828125 0.4501953125 0.021875 0.037109375
0 0.578125 0.470703125 0.025 0.05859375
