2 0.2703125 0.4814453125 0.109375 0.091796875
2 0.58984375 0.4716796875 0.1296875 0.119140625
2 0.11875 0.4931640625 0.1125 0.087890625
2 0.071875 0.44921875 0.040625 0.03125
2 0.18828125 0.4873046875 0.0546875 0.072265625
2 0.22109375 0.4599609375 0.0421875 0.037109375
2 0.51640625 0.4619140625 0.0578125 0.068359375
2 0.4828125 0.4658203125 0.021875 0.037109375
2 0.4671875 0.4609375 0.021875 0.03125
2 0.4546875 0.45703125 0.021875 0.0234375
2 0.4328125 0.45703125 0.01875 0.0234375
2 0.3921875 0.45703125 0.021875 0.0234375
2 0.375 0.458984375 0.021875 0.02734375
2 0.35703125 0.4580078125 0.0203125 0.029296875
2 0.3375 0.4619140625 0.021875 0.037109375
2 0.0171875 0.474609375 0.034375 0.0390625
