2 0.11875 0.509765625 0.171875 0.13671875
2 0.209375 0.484375 0.10625 0.11328125
2 0.91484375 0.5361328125 0.1640625 0.216796875
1 0.79375 0.595703125 0.034375 0.1796875
2 0.72421875 0.5029296875 0.0890625 0.115234375
2 0.6703125 0.490234375 0.08125 0.0859375
2 0.63359375 0.482421875 0.0546875 0.0703125
2 0.28515625 0.478515625 0.0609375 0.0625
2 0.59140625 0.4736328125 0.0484375 0.044921875
2 0.32421875 0.4716796875 0.0328125 0.052734375
2 0.340625 0.46875 0.028125 0.05078125
0 0.790625 0.490234375 0.08125 0.2265625
2 0.56796875 0.46484375 0.0234375 0.04296875
2 0.55859375 0.4619140625 0.0265625 0.044921875
2 0.5484375 0.4638671875 0.021875 0.037109375
2 0.534375 0.462890625 0.021875 0.03125
2 0.5234375 0.4638671875 0.01875 0.025390625
2 0.509375 0.4609375 0.021875 0.02734375
2 0.48125 0.4638671875 0.021875 0.025390625
2 0.428125 0.4580078125 0.021875 0.025390625
2 0.40703125 0.462890625 0.0203125 0.0234375
2 0.38984375 0.4619140625 0.0203125 0.029296875
2 0.3765625 0.462890625 0.021875 0.04296875
2 0.359375 0.466796875 0.015625 0.046875
0 0.07578125 0.4443359375 0.0203125 0.041015625
