0 0.9734375 0.5498046875 0.046875 0.193359375
0 0.75078125 0.509765625 0.0421875 0.1953125
0 0.71171875 0.5185546875 0.0765625 0.193359375
0 0.55625 0.498046875 0.059375 0.17578125
0 0.5109375 0.4873046875 0.05 0.181640625
0 0.46640625 0.48046875 0.0328125 0.1484375
0 0.41796875 0.501953125 0.0546875 0.1640625
0 0.39765625 0.4248046875 0.0328125 0.091796875
0 0.3734375 0.4755859375 0.04375 0.158203125
0 0.29765625 0.470703125 0.0421875 0.1328125
0 0.28125 0.4482421875 0.05 0.134765625
0 0.2578125 0.4140625 0.01875 0.07421875
0 0.23984375 0.4228515625 0.0234375 0.068359375
2 0.18671875 0.4326171875 0.0796875 0.068359375
2 0.61171875 0.4658203125 0.0703125 0.080078125
0 0.43203125 0.4462890625 0.0234375 0.060546875
2 0.67578125 0.443359375 0.0546875 0.04296875
1 0.240625 0.43359375 0.01875 0.04296875
2 0.84921875 0.4267578125 0.0828125 0.029296875
2 0.90625 0.439453125 0.084375 0.02734375
