2 0.96953125 0.55859375 0.0546875 0.0703125
2 0.71328125 0.4775390625 0.0546875 0.033203125
2 0.66640625 0.4755859375 0.0453125 0.037109375
2 0.759375 0.5205078125 0.271875 0.111328125
2 0.54296875 0.4677734375 0.0265625 0.025390625
2 0.525 0.4599609375 0.021875 0.025390625
2 0.478125 0.45703125 0.021875 0.0234375
2 0.428125 0.45703125 0.021875 0.03125
2 0.39453125 0.4619140625 0.0515625 0.052734375
0 0.33671875 0.478515625 0.0234375 0.0859375
0 0.30546875 0.44921875 0.0140625 0.046875
0 0.28984375 0.4755859375 0.0234375 0.087890625
0 0.2671875 0.478515625 0.01875 0.08203125
0 0.21875 0.46875 0.021875 0.08203125
0 0.190625 0.4638671875 0.021875 0.083984375
0 0.13515625 0.478515625 0.0265625 0.1015625
0 0.10546875 0.4521484375 0.0234375 0.060546875
2 0.0546875 0.501953125 0.1125 0.109375
0 0.63515625 0.48046875 0.0203125 0.03515625
