2 0.93125 0.7158203125 0.128125 0.228515625
2 0.82421875 0.490234375 0.0671875 0.08984375
2 0.74921875 0.525390625 0.1015625 0.109375
2 0.67265625 0.5595703125 0.1453125 0.150390625
2 0.38828125 0.4921875 0.0765625 0.0703125
2 0.321875 0.5380859375 0.09375 0.123046875
2 0.24140625 0.568359375 0.1609375 0.1875
2 0.0984375 0.615234375 0.19375 0.34375
0 0.48828125 0.474609375 0.0234375 0.078125
0 0.45703125 0.4794921875 0.0265625 0.083984375
0 0.43828125 0.4814453125 0.0234375 0.095703125
0 0.5234375 0.5595703125 0.05625 0.189453125
1 0.5203125 0.625 0.025 0.11328125
2 0.9796875 0.5400390625 0.034375 0.087890625
2 0.75078125 0.4599609375 0.0453125 0.037109375
0 0.55703125 0.4541015625 0.0203125 0.041015625
