2 0.84140625 0.5537109375 0.1109375 0.150390625
2 0.27578125 0.5166015625 0.1703125 0.123046875
2 0.36796875 0.4921875 0.0984375 0.109375
2 0.42890625 0.48828125 0.0546875 0.0625
2 0.4609375 0.46484375 0.0375 0.0546875
1 0.76328125 0.6064453125 0.0453125 0.138671875
1 0.68984375 0.578125 0.0390625 0.109375
0 0.69375 0.51953125 0.0625 0.19921875
0 0.765625 0.5302734375 0.059375 0.197265625
2 0.06328125 0.5126953125 0.1296875 0.134765625
2 0.6625 0.4951171875 0.0375 0.060546875
2 0.64453125 0.482421875 0.0359375 0.0390625
2 0.6046875 0.466796875 0.021875 0.02734375
2 0.51875 0.46484375 0.028125 0.02734375
2 0.49296875 0.4658203125 0.0203125 0.037109375
