2 0.0625 0.5849609375 0.121875 0.201171875
2 0.20703125 0.544921875 0.1015625 0.125
0 0.134375 0.599609375 0.075 0.26171875
1 0.13671875 0.6787109375 0.0609375 0.181640625
1 0.43125 0.67578125 0.034375 0.16015625
0 0.4234375 0.580078125 0.08125 0.265625
0 0.6015625 0.5751953125 0.08125 0.259765625
2 0.86953125 0.7353515625 0.2546875 0.412109375
2 0.78046875 0.6044921875 0.2171875 0.216796875
2 0.68828125 0.5625 0.0984375 0.1484375
2 0.32578125 0.490234375 0.0703125 0.0703125
2 0.09921875 0.458984375 0.0515625 0.05078125
2 0.8171875 0.4619140625 0.103125 0.044921875
2 0.7921875 0.4560546875 0.10625 0.056640625
2 0.65625 0.46875 0.071875 0.05859375
2 0.575 0.4853515625 0.046875 0.068359375
2 0.55078125 0.462890625 0.0453125 0.04296875
2 0.459375 0.4453125 0.025 0.02734375
2 0.37421875 0.47265625 0.0484375 0.05859375
