2 0.98671875 0.4169921875 0.0203125 0.072265625
0 0.9109375 0.46875 0.065625 0.23046875
2 0.8078125 0.4482421875 0.0875 0.087890625
2 0.809375 0.38671875 0.090625 0.0390625
0 0.6359375 0.48046875 0.040625 0.1640625
2 0.59140625 0.44140625 0.0421875 0.06640625
2 0.53125 0.4453125 0.034375 0.05859375
2 0.3203125 0.4453125 0.0375 0.04296875
2 0.2796875 0.4443359375 0.028125 0.033203125
2 0.24375 0.4462890625 0.028125 0.033203125
2 0.22578125 0.44921875 0.0265625 0.03125
2 0.18515625 0.45703125 0.0609375 0.0625
2 0.078125 0.46484375 0.128125 0.12890625
0 0.39296875 0.43359375 0.0109375 0.04296875
