1 0.975 0.560546875 0.04375 0.171875
1 0.76484375 0.5087890625 0.0296875 0.087890625
1 0.64765625 0.505859375 0.0328125 0.07421875
2 0.21796875 0.478515625 0.0796875 0.06640625
2 0.284375 0.474609375 0.046875 0.046875
1 0.353125 0.4775390625 0.009375 0.025390625
0 0.1078125 0.4697265625 0.01875 0.080078125
1 0.94140625 0.5634765625 0.0265625 0.177734375
1 0.87890625 0.5576171875 0.1078125 0.189453125
1 0.815625 0.5126953125 0.040625 0.103515625
1 0.71796875 0.529296875 0.0484375 0.07421875
0 0.71328125 0.474609375 0.0109375 0.03515625
0 0.63203125 0.4892578125 0.0171875 0.087890625
2 0.31875 0.4716796875 0.028125 0.041015625
0 0.3515625 0.453125 0.009375 0.0234375
2 0.34140625 0.4609375 0.0171875 0.03125
1 0.6015625 0.4873046875 0.021875 0.056640625
1 0.5703125 0.484375 0.028125 0.06640625
0 0.146875 0.478515625 0.015625 0.06640625
1 0.12890625 0.49609375 0.0203125 0.05078125
1 0.009375 0.5146484375 0.021875 0.064453125
