2 0.94765625 0.4853515625 0.0984375 0.126953125
2 0.9234375 0.447265625 0.140625 0.13671875
2 0.83046875 0.46875 0.0328125 0.0625
2 0.80546875 0.4609375 0.0578125 0.07421875
0 0.48515625 0.478515625 0.0296875 0.078125
0 0.5078125 0.4697265625 0.025 0.091796875
2 0.72578125 0.4580078125 0.0359375 0.052734375
0 0.675 0.4267578125 0.021875 0.025390625
0 0.1671875 0.484375 0.01875 0.04296875
0 0.12578125 0.486328125 0.0203125 0.03515625
0 0.5671875 0.4658203125 0.021875 0.064453125
0 0.59296875 0.4609375 0.0234375 0.06640625
0 0.61640625 0.4609375 0.0203125 0.078125
2 0.64296875 0.4462890625 0.0203125 0.029296875
