2 0.87734375 0.42578125 0.0734375 0.0859375
2 0.13203125 0.4169921875 0.1484375 0.091796875
1 0.14453125 0.49609375 0.0328125 0.04296875
1 0.17734375 0.4970703125 0.0328125 0.041015625
0 0.10625 0.4423828125 0.0375 0.095703125
0 0.146875 0.44140625 0.0375 0.08984375
0 0.1828125 0.443359375 0.034375 0.09765625
0 0.284375 0.4375 0.03125 0.09765625
0 0.23828125 0.4404296875 0.0296875 0.064453125
0 0.39765625 0.4326171875 0.0234375 0.083984375
0 0.359375 0.4345703125 0.028125 0.099609375
0 0.446875 0.4423828125 0.034375 0.072265625
0 0.48359375 0.435546875 0.0328125 0.0703125
0 0.521875 0.423828125 0.028125 0.0859375
1 0.0296875 0.4951171875 0.046875 0.060546875
0 0.0234375 0.4443359375 0.05 0.099609375
1 0.259375 0.4814453125 0.025 0.044921875
1 0.334375 0.4697265625 0.021875 0.044921875
1 0.3578125 0.4658203125 0.021875 0.044921875
1 0.41484375 0.4580078125 0.0234375 0.041015625
1 0.09609375 0.4990234375 0.0296875 0.056640625
