2 0.2109375 0.5361328125 0.1625 0.158203125
2 0.3015625 0.505859375 0.071875 0.09765625
2 0.33671875 0.4873046875 0.0734375 0.091796875
2 0.3875 0.470703125 0.05 0.05859375
2 0.6390625 0.4921875 0.075 0.0703125
2 0.7171875 0.5390625 0.134375 0.12109375
2 0.94296875 0.8046875 0.1078125 0.27734375
2 0.53359375 0.4248046875 0.0234375 0.025390625
0 0.63984375 0.447265625 0.0234375 0.02734375
2 0.4578125 0.4443359375 0.034375 0.033203125
2 0.43203125 0.455078125 0.0328125 0.05078125
2 0.146875 0.4755859375 0.084375 0.060546875
2 0.671875 0.447265625 0.034375 0.046875
2 0.7421875 0.4560546875 0.040625 0.044921875
