2 0.11484375 0.5361328125 0.2328125 0.166015625
2 0.275 0.4951171875 0.1125 0.126953125
2 0.37109375 0.4833984375 0.0609375 0.056640625
2 0.4015625 0.4716796875 0.053125 0.064453125
2 0.709375 0.5078125 0.134375 0.14453125
2 0.7921875 0.548828125 0.1875 0.15234375
1 0.88828125 0.6181640625 0.2171875 0.189453125
2 0.95390625 0.7216796875 0.0828125 0.216796875
1 0.61171875 0.5361328125 0.0296875 0.072265625
1 0.5625 0.5234375 0.025 0.07421875
0 0.56484375 0.4892578125 0.0453125 0.134765625
0 0.615625 0.4970703125 0.040625 0.130859375
2 0.434375 0.4677734375 0.034375 0.041015625
2 0.446875 0.4599609375 0.03125 0.041015625
2 0.48828125 0.4580078125 0.0203125 0.021484375
