1 0.42265625 0.5830078125 0.0328125 0.095703125
0 0.5796875 0.5341796875 0.053125 0.158203125
0 0.4296875 0.5263671875 0.05625 0.181640625
0 0.32265625 0.4755859375 0.0296875 0.064453125
0 0.25234375 0.4619140625 0.0203125 0.060546875
0 0.271875 0.46484375 0.01875 0.0625
0 0.28828125 0.4560546875 0.0203125 0.041015625
2 0.7359375 0.57421875 0.196875 0.16015625
2 0.90546875 0.75390625 0.1828125 0.31640625
2 0.1859375 0.5439453125 0.121875 0.130859375
2 0.0890625 0.59375 0.171875 0.18359375
2 0.0375 0.64453125 0.078125 0.21875
2 0.353125 0.466796875 0.040625 0.046875
2 0.96953125 0.490234375 0.0546875 0.09375
2 0.915625 0.4775390625 0.084375 0.060546875
2 0.53828125 0.4736328125 0.0515625 0.052734375
2 0.51953125 0.462890625 0.0359375 0.05078125
2 0.45546875 0.4580078125 0.0296875 0.033203125
2 0.3828125 0.45703125 0.025 0.04296875
