2 0.59921875 0.478515625 0.0921875 0.08203125
2 0.55390625 0.4619140625 0.0609375 0.072265625
2 0.52890625 0.4462890625 0.0359375 0.064453125
2 0.50078125 0.4375 0.0203125 0.0546875
2 0.4875 0.408203125 0.03125 0.03515625
2 0.48203125 0.3798828125 0.0265625 0.025390625
2 0.46015625 0.37890625 0.0203125 0.0234375
2 0.37421875 0.3837890625 0.0234375 0.025390625
2 0.35625 0.3916015625 0.01875 0.033203125
2 0.34765625 0.404296875 0.0234375 0.03125
2 0.33359375 0.408203125 0.0234375 0.02734375
2 0.31875 0.4306640625 0.025 0.044921875
2 0.2953125 0.4462890625 0.05 0.052734375
2 0.215625 0.47265625 0.0875 0.078125
2 0.084375 0.4404296875 0.075 0.060546875
2 0.02890625 0.44140625 0.0296875 0.0625
0 0.425 0.4970703125 0.078125 0.142578125
