0 0.90390625 0.625 0.0921875 0.41015625
0 0.91328125 0.658203125 0.0859375 0.375
0 0.39375 0.4560546875 0.021875 0.044921875
2 0.0671875 0.451171875 0.13125 0.07421875
2 0.1984375 0.439453125 0.071875 0.05859375
2 0.278125 0.451171875 0.1 0.0625
2 0.53828125 0.45703125 0.0328125 0.03515625
2 0.6046875 0.4794921875 0.046875 0.056640625
2 0.640625 0.4970703125 0.05 0.076171875
2 0.66953125 0.505859375 0.0546875 0.0859375
2 0.70625 0.5146484375 0.071875 0.115234375
2 0.7921875 0.5361328125 0.20625 0.197265625
2 0.9703125 0.736328125 0.053125 0.20703125
2 0.18984375 0.458984375 0.0578125 0.05859375
2 0.11796875 0.44921875 0.0984375 0.078125
2 0.48125 0.453125 0.021875 0.0234375
2 0.5828125 0.4658203125 0.028125 0.041015625
