2 0.86015625 0.5703125 0.2734375 0.359375
2 0.45078125 0.462890625 0.0703125 0.06640625
2 0.47578125 0.4521484375 0.0546875 0.068359375
2 0.51015625 0.4443359375 0.0296875 0.052734375
2 0.36796875 0.455078125 0.0671875 0.06640625
1 0.70859375 0.484375 0.0859375 0.05859375
0 0.27734375 0.4775390625 0.0421875 0.185546875
0 0.24140625 0.4521484375 0.0234375 0.080078125
0 0.75078125 0.4267578125 0.0171875 0.037109375
0 0.7421875 0.4267578125 0.0125 0.029296875
1 0.6203125 0.4765625 0.01875 0.0390625
1 0.58203125 0.470703125 0.0140625 0.0390625
0 0.71875 0.4306640625 0.0375 0.060546875
0 0.696875 0.4384765625 0.01875 0.029296875
0 0.621875 0.4345703125 0.021875 0.044921875
0 0.58125 0.4306640625 0.021875 0.044921875
2 0.41015625 0.45703125 0.0203125 0.04296875
0 0.2125 0.42578125 0.01875 0.03515625
