0 0.55546875 0.466796875 0.0203125 0.0546875
0 0.5390625 0.470703125 0.021875 0.0546875
0 0.26015625 0.458984375 0.0265625 0.078125
0 0.22578125 0.462890625 0.0265625 0.09375
0 0.20234375 0.462890625 0.0234375 0.09375
0 0.16328125 0.4609375 0.0328125 0.09375
0 0.13359375 0.4619140625 0.0296875 0.095703125
0 0.1234375 0.4169921875 0.03125 0.037109375
2 0.6359375 0.5078125 0.059375 0.1015625
2 0.71484375 0.52734375 0.1671875 0.1640625
0 0.4203125 0.4658203125 0.01875 0.052734375
0 0.49765625 0.4580078125 0.0171875 0.037109375
0 0.52109375 0.4580078125 0.0140625 0.037109375
0 0.51171875 0.4599609375 0.0140625 0.041015625
0 0.4328125 0.4501953125 0.01875 0.037109375
0 0.3375 0.4501953125 0.01875 0.044921875
1 0.35390625 0.4833984375 0.0234375 0.029296875
0 0.89375 0.466796875 0.021875 0.04296875
