0 0.96171875 0.64453125 0.0703125 0.37109375
2 0.7640625 0.529296875 0.13125 0.11328125
2 0.70625 0.5068359375 0.053125 0.076171875
2 0.67734375 0.4921875 0.0484375 0.05859375
2 0.4125 0.47265625 0.06875 0.078125
2 0.3984375 0.4921875 0.040625 0.078125
2 0.33359375 0.5068359375 0.1265625 0.103515625
2 0.115625 0.5537109375 0.228125 0.287109375
2 0.6484375 0.4833984375 0.03125 0.044921875
2 0.640625 0.4794921875 0.03125 0.041015625
2 0.60390625 0.4697265625 0.0265625 0.029296875
2 0.46015625 0.4677734375 0.0265625 0.041015625
2 0.5046875 0.4580078125 0.05625 0.041015625
1 0.95 0.7021484375 0.05 0.259765625
