2 0.96640625 0.427734375 0.0546875 0.0859375
2 0.75390625 0.435546875 0.0859375 0.07421875
2 0.2109375 0.4287109375 0.146875 0.115234375
2 0.09921875 0.412109375 0.0765625 0.0625
0 0.05703125 0.4482421875 0.0515625 0.134765625
0 0.1671875 0.462890625 0.04375 0.09375
0 0.30546875 0.4384765625 0.0328125 0.099609375
0 0.2765625 0.439453125 0.028125 0.0703125
0 0.38828125 0.443359375 0.0484375 0.078125
1 0.059375 0.5048828125 0.0875 0.060546875
1 0.14375 0.505859375 0.034375 0.046875
1 0.1875 0.49609375 0.0375 0.06640625
1 0.27265625 0.490234375 0.0234375 0.04296875
1 0.30703125 0.4921875 0.0421875 0.05859375
1 0.38671875 0.482421875 0.0484375 0.046875
0 0.609375 0.43359375 0.034375 0.0859375
1 0.60390625 0.4560546875 0.0328125 0.041015625
0 0.5734375 0.4267578125 0.040625 0.056640625
1 0.57109375 0.4609375 0.0359375 0.03515625
0 0.53359375 0.427734375 0.0359375 0.05859375
1 0.5375 0.4609375 0.028125 0.05078125
0 0.47734375 0.42578125 0.0296875 0.0625
0 0.446875 0.427734375 0.03125 0.078125
1 0.48046875 0.4638671875 0.0328125 0.041015625
1 0.44609375 0.46484375 0.0453125 0.046875
