0 0.6375 0.4609375 0.03125 0.08984375
0 0.6609375 0.4560546875 0.025 0.083984375
0 0.80546875 0.5361328125 0.1046875 0.365234375
0 0.97890625 0.373046875 0.0359375 0.0703125
0 0.921875 0.64453125 0.15 0.69140625
0 0.1640625 0.490234375 0.021875 0.05078125
0 0.153125 0.4892578125 0.021875 0.052734375
2 0.7234375 0.4541015625 0.040625 0.060546875
0 0.37421875 0.4619140625 0.0265625 0.052734375
0 0.121875 0.4833984375 0.021875 0.029296875
0 0.109375 0.49609375 0.03125 0.05859375
0 0.546875 0.45703125 0.01875 0.046875
0 0.5546875 0.455078125 0.01875 0.046875
0 0.59296875 0.4560546875 0.0203125 0.056640625
