0 0.278125 0.4609375 0.025 0.05078125
0 0.29453125 0.47265625 0.0234375 0.04296875
0 0.340625 0.451171875 0.028125 0.03125
0 0.51171875 0.47265625 0.0203125 0.0703125
0 0.7296875 0.4619140625 0.021875 0.064453125
0 0.696875 0.4697265625 0.01875 0.060546875
0 0.75 0.46484375 0.01875 0.05078125
2 0.575 0.474609375 0.0375 0.0390625
2 0.0890625 0.51953125 0.175 0.11328125
2 0.23203125 0.5009765625 0.1359375 0.076171875
2 0.35078125 0.49609375 0.1203125 0.06640625
2 0.4609375 0.490234375 0.1 0.06640625
0 0.5484375 0.474609375 0.025 0.06640625
0 0.52890625 0.478515625 0.0203125 0.0703125
0 0.49921875 0.4580078125 0.0203125 0.033203125
0 0.46875 0.451171875 0.021875 0.0234375
2 0.86328125 0.46875 0.0359375 0.03515625
