0 0.60234375 0.4580078125 0.0234375 0.087890625
0 0.62578125 0.4619140625 0.0203125 0.083984375
0 0.67109375 0.4560546875 0.0328125 0.119140625
0 0.23984375 0.4853515625 0.0265625 0.083984375
0 0.21875 0.4931640625 0.025 0.072265625
2 0.81015625 0.462890625 0.0609375 0.08203125
2 0.92421875 0.4462890625 0.1453125 0.138671875
2 0.8296875 0.4658203125 0.03125 0.072265625
2 0.95390625 0.4853515625 0.0828125 0.126953125
2 0.728125 0.4580078125 0.034375 0.052734375
0 0.375 0.4619140625 0.0125 0.029296875
0 0.1703125 0.4765625 0.01875 0.04296875
0 0.1265625 0.484375 0.021875 0.03515625
