2 0.13515625 0.5537109375 0.1828125 0.158203125
2 0.21796875 0.517578125 0.1109375 0.10546875
2 0.30703125 0.484375 0.0765625 0.078125
2 0.39296875 0.4599609375 0.0421875 0.041015625
2 0.7 0.4853515625 0.1125 0.068359375
0 0.52109375 0.4462890625 0.0203125 0.041015625
2 0.8828125 0.515625 0.08125 0.09765625
2 0.790625 0.5078125 0.04375 0.09765625
0 0.5015625 0.4541015625 0.015625 0.041015625
0 0.53671875 0.447265625 0.0140625 0.0390625
2 0.3453125 0.4794921875 0.034375 0.052734375
2 0.3640625 0.4716796875 0.028125 0.056640625
2 0.590625 0.4462890625 0.028125 0.033203125
