2 0.16484375 0.5283203125 0.2046875 0.146484375
2 0.29765625 0.4892578125 0.1078125 0.115234375
2 0.3734375 0.4833984375 0.071875 0.052734375
2 0.4 0.470703125 0.065625 0.0625
2 0.7390625 0.529296875 0.14375 0.12890625
2 0.678125 0.5009765625 0.1125 0.130859375
1 0.78359375 0.5859375 0.1265625 0.14453125
2 0.903125 0.6640625 0.18125 0.32421875
1 0.6015625 0.5302734375 0.021875 0.068359375
1 0.54921875 0.51953125 0.0234375 0.06640625
0 0.55078125 0.48046875 0.0421875 0.1328125
0 0.60234375 0.4931640625 0.0296875 0.123046875
2 0.43671875 0.470703125 0.0234375 0.0390625
2 0.44921875 0.4599609375 0.0265625 0.041015625
2 0.48515625 0.45703125 0.0203125 0.0234375
2 0.63046875 0.48828125 0.0265625 0.0625
