2 0.95234375 0.521484375 0.0890625 0.16015625
2 0.88125 0.478515625 0.221875 0.1953125
2 0.81171875 0.474609375 0.1359375 0.16015625
2 0.59609375 0.4951171875 0.2484375 0.322265625
2 0.40859375 0.4697265625 0.1453125 0.162109375
2 0.365625 0.48046875 0.0375 0.12890625
2 0.29296875 0.4677734375 0.1390625 0.177734375
0 0.2234375 0.509765625 0.146875 0.3203125
1 0.2640625 0.5927734375 0.08125 0.232421875
2 0.0890625 0.478515625 0.165625 0.25
2 0.03515625 0.5205078125 0.0734375 0.177734375
2 0.2765625 0.48828125 0.1 0.15234375
1 0.184375 0.654296875 0.071875 0.19921875
