2 0.040625 0.533203125 0.084375 0.171875
2 0.13203125 0.529296875 0.1484375 0.12109375
2 0.21875 0.501953125 0.121875 0.11328125
2 0.3125 0.50390625 0.078125 0.0703125
2 0.38203125 0.4921875 0.0421875 0.04296875
2 0.5109375 0.482421875 0.0375 0.04296875
2 0.56484375 0.494140625 0.0421875 0.0546875
2 0.74375 0.59375 0.221875 0.23046875
2 0.8453125 0.7314453125 0.3 0.482421875
0 0.63671875 0.4931640625 0.0265625 0.072265625
0 0.45859375 0.4794921875 0.0203125 0.044921875
2 0.415625 0.4853515625 0.028125 0.037109375
2 0.35234375 0.4970703125 0.0421875 0.056640625
