0 0.83125 0.5068359375 0.025 0.091796875
0 0.815625 0.5029296875 0.025 0.095703125
0 0.80078125 0.501953125 0.0234375 0.09765625
0 0.6609375 0.470703125 0.021875 0.08203125
0 0.6875 0.4658203125 0.021875 0.076171875
0 0.39140625 0.466796875 0.0203125 0.046875
0 0.3671875 0.46484375 0.01875 0.046875
2 0.52890625 0.466796875 0.0296875 0.03125
0 0.62109375 0.46875 0.0265625 0.0703125
0 0.31484375 0.4580078125 0.0203125 0.052734375
0 0.303125 0.458984375 0.01875 0.05078125
1 0.925 0.7041015625 0.053125 0.154296875
2 0.428125 0.4599609375 0.01875 0.029296875
