0 0.3 0.4755859375 0.025 0.083984375
0 0.284375 0.4873046875 0.021875 0.072265625
0 0.64140625 0.4619140625 0.0296875 0.099609375
0 0.6015625 0.4609375 0.028125 0.078125
2 0.83125 0.4736328125 0.021875 0.068359375
2 0.80234375 0.4609375 0.0546875 0.08203125
2 0.92265625 0.443359375 0.1453125 0.140625
2 0.94765625 0.4873046875 0.0921875 0.115234375
2 0.725 0.45703125 0.034375 0.0546875
0 0.57890625 0.4541015625 0.0203125 0.056640625
0 0.17109375 0.4765625 0.0203125 0.04296875
0 0.125 0.48828125 0.021875 0.03515625
