1 0.46015625 0.59375 0.0234375 0.1171875
0 0.60390625 0.5546875 0.0796875 0.1875
0 0.3515625 0.482421875 0.025 0.078125
0 0.4234375 0.4580078125 0.021875 0.064453125
2 0.0796875 0.599609375 0.1625 0.1953125
2 0.18828125 0.5458984375 0.1296875 0.123046875
2 0.25859375 0.5 0.1109375 0.11328125
2 0.3890625 0.466796875 0.04375 0.05078125
2 0.84375 0.65625 0.30625 0.359375
2 0.7125 0.548828125 0.175 0.19140625
0 0.4609375 0.5322265625 0.05 0.177734375
2 0.72265625 0.4482421875 0.0578125 0.033203125
2 0.70859375 0.4384765625 0.0765625 0.044921875
2 0.596875 0.4677734375 0.078125 0.076171875
2 0.56171875 0.4609375 0.0359375 0.04296875
2 0.465625 0.4404296875 0.025 0.033203125
2 0.15078125 0.4599609375 0.0609375 0.041015625
