0 0.01640625 0.6103515625 0.0359375 0.208984375
2 0.75546875 0.58203125 0.2203125 0.21875
2 0.69375 0.5400390625 0.1375 0.169921875
2 0.29765625 0.5224609375 0.0734375 0.072265625
2 0.190625 0.5498046875 0.134375 0.130859375
2 0.10703125 0.6005859375 0.1484375 0.138671875
2 0.4453125 0.478515625 0.0625 0.0546875
2 0.4828125 0.470703125 0.03125 0.03125
2 0.38671875 0.4658203125 0.0421875 0.037109375
2 0.61171875 0.50390625 0.0578125 0.09765625
2 0.86640625 0.498046875 0.0796875 0.08984375
0 0.21328125 0.46484375 0.0203125 0.02734375
0 0.20078125 0.4658203125 0.0203125 0.025390625
0 0.128125 0.501953125 0.028125 0.05859375
1 0.01015625 0.68359375 0.0234375 0.1015625
2 0.53125 0.46484375 0.028125 0.02734375
2 0.26875 0.5380859375 0.059375 0.087890625
