1  590 182 16 69
1  568 186 24 74
1  558 178 10 9
1  556 189 11 20
1  545 178 12 16
1  538 172 8 13
1  534 181 8 14
1  529 170 9 11
1  529 196 30 92
1  521 178 14 60
1  516 172 6 14
1  513 173 7 13
1  507 170 6 18
1  495 185 14 53
1  477 185 16 50
1  461 180 10 10
1  465 188 8 11
1  460 200 14 52
1  452 180 8 22
1  444 182 7 12
1  417 177 10 24
1  410 177 8 23
1  394 177 13 33
1  384 179 8 19
1  395 184 12 19
1  375 181 10 14
1  364 182 12 16
1  353 186 12 14
3  323 195 58 50
3  315 185 37 35
3  294 180 17 22
3  266 177 31 17
3  256 194 42 29
3  304 186 16 23
3  245 187 13 16
3  235 187 16 26
3  212 187 29 33
1  172 184 11 10
3  159 189 64 50
3  132 195 28 42
1  116 192 19 52
1  52 191 14 38
1  31 193 12 44
1  605 186 25 55
