1  573 217 28 77
1  553 227 22 63
1  536 232 18 45
1  516 226 13 12
1  513 238 21 56
1  493 233 20 63
1  481 237 12 53
1  461 246 12 36
1  448 248 13 38
1  434 246 12 40
1  426 245 10 34
1  415 248 14 35
1  403 251 13 34
1  390 250 12 32
1  378 252 13 28
1  363 240 9 20
1  356 243 8 18
1  345 245 12 23
1  332 244 13 19
3  272 234 16 12
3  259 230 12 14
3  266 240 18 13
3  269 248 73 57
3  244 253 33 45
3  228 254 19 20
3  193 249 36 24
1  160 246 7 24
1  148 255 12 24
1  144 246 10 26
3  82 261 32 27
3  58 259 19 27
