1  598 185 19 86
1  579 182 20 78
1  549 182 19 69
1  537 187 15 59
1  524 178 9 21
1  520 176 7 14
1  509 187 18 59
1  492 187 14 54
1  477 205 17 58
1  467 200 12 45
1  477 191 8 12
1  468 188 11 12
1  418 181 13 26
1  438 187 15 50
1  409 180 12 28
1  392 186 12 28
1  384 187 12 28
1  367 185 13 18
1  377 184 12 28
3  325 200 57 47
3  315 189 39 33
3  294 185 14 17
3  268 181 27 15
3  259 195 39 30
3  306 189 19 24
3  249 185 12 18
3  240 190 14 20
3  232 188 17 28
3  212 189 29 37
3  155 190 65 50
3  155 201 10 10
3  146 197 11 39
1  126 193 20 51
3  110 198 18 44
1  37 193 18 43
1  19 194 13 43
1  616 188 23 22
1  615 209 24 108
