1  623 189 16 82
1  605 190 15 83
1  588 186 16 75
1  553 180 20 75
1  539 186 16 56
1  513 187 15 59
1  495 189 14 49
1  478 204 19 62
1  467 185 14 20
1  465 206 15 30
1  440 182 14 52
1  417 181 13 27
1  406 180 11 25
1  389 185 14 31
1  378 185 12 29
1  366 186 12 18
3  323 200 56 51
3  315 190 42 34
3  305 188 22 26
3  271 182 29 13
3  258 196 38 33
3  250 187 18 19
3  241 192 15 22
3  216 190 26 36
3  155 190 66 53
1  127 195 18 46
3  111 201 17 45
1  40 192 16 46
1  19 193 12 40
3  0 229 41 62
