1  587 203 8 26
1  579 202 8 14
1  596 204 6 18
1  560 204 5 16
1  550 207 8 21
1  529 210 7 19
1  520 209 8 22
1  509 211 9 16
1  500 211 7 21
1  506 227 16 47
1  474 202 9 24
1  469 204 6 16
1  459 208 6 15
1  449 200 7 14
1  456 218 7 11
1  449 220 7 10
1  449 227 12 44
1  444 227 8 30
1  433 219 7 10
1  434 228 11 42
1  429 226 7 27
1  417 222 13 36
1  406 222 12 38
1  397 224 10 29
1  396 211 8 10
1  384 219 13 28
1  374 221 13 31
1  362 210 12 24
1  355 212 12 22
1  351 213 6 23
1  346 212 5 24
1  338 216 7 19
3  289 211 16 14
3  298 219 19 13
3  304 220 29 18
3  299 229 7 10
3  282 240 74 60
3  264 216 36 28
3  249 232 44 37
3  248 212 16 12
3  236 216 20 17
3  212 223 33 31
3  164 227 49 46
1  94 226 14 13
1  45 221 12 33
3  45 235 120 85
1  613 223 22 85
1  600 218 19 83
1  25 230 15 36
3  0 253 23 34
