1  590 219 26 67
1  592 189 12 29
1  568 188 12 17
1  560 187 12 34
1  547 195 10 26
1  538 196 10 24
1  508 200 14 33
1  498 202 12 14
1  501 190 7 10
1  496 186 7 16
1  496 214 18 58
1  492 207 7 16
1  490 190 6 12
1  483 188 6 14
1  476 187 6 19
1  485 200 6 16
1  465 195 7 16
1  476 219 20 54
1  464 212 14 36
1  453 208 14 42
1  447 209 7 14
1  436 216 15 44
1  435 208 8 11
1  424 208 13 33
1  417 201 6 18
1  411 203 7 11
1  410 212 10 9
1  402 207 11 32
1  411 220 14 42
1  396 202 7 14
1  388 214 13 40
1  379 195 7 20
1  371 195 7 19
1  365 201 7 25
1  358 202 8 24
1  353 200 7 25
1  345 203 7 22
1  338 205 9 19
3  301 208 33 29
3  293 206 17 18
3  286 202 19 16
3  256 201 32 26
3  241 200 15 14
3  236 206 13 16
3  256 212 30 28
3  221 205 20 27
3  240 216 46 37
3  205 206 15 7
3  185 210 43 38
3  173 217 14 27
3  139 217 40 34
3  298 222 63 55
1  77 216 15 43
1  68 212 9 37
3  0 239 93 108
