2  445 278 63 61
2  350 262 30 40
2  238 243 12 23
2  181 239 10 12
2  93 241 10 20
1  40 225 13 35
1  402 211 19 46
1  419 216 20 41
1  442 216 15 31
2  405 242 14 36
3  505 228 115 91
3  588 267 51 75
3  302 233 55 44
3  289 230 38 39
3  260 232 39 35
2  117 242 7 16
2  110 239 8 16
2  212 243 9 22
1  144 230 7 16
1  443 212 57 98
3  419 257 28 50
1  345 210 36 85
1  238 218 12 28
1  209 222 13 23
1  182 228 9 15
3  162 233 9 9
3  152 235 8 10
3  127 235 18 11
1  117 226 6 18
1  112 225 6 15
1  94 221 9 26
1  80 228 8 15
