1  587 227 17 70
1  575 228 18 75
1  559 232 18 69
1  537 234 20 55
1  524 234 15 64
1  493 240 17 52
1  476 237 16 56
1  9 241 15 48
1  466 240 11 44
1  448 242 19 46
1  433 237 10 34
1  408 234 9 34
1  382 229 8 32
1  372 226 9 23
1  361 224 6 19
1  354 224 7 20
1  605 221 26 83
1  632 227 7 80
3  267 226 46 21
3  219 237 25 26
3  234 244 47 60
3  266 237 108 86
1  205 235 12 28
3  179 236 27 27
1  137 233 7 28
1  120 235 9 28
1  110 235 11 30
1  53 234 10 23
1  48 237 8 18
3  22 245 50 40
1  417 234 12 23
3  275 215 10 10
1  392 238 13 28
1  509 238 15 47
3  233 229 24 16
1  467 225 9 15
