1  585 219 21 84
1  561 231 22 61
1  538 229 25 77
1  505 238 16 56
1  522 239 8 55
1  491 236 15 54
1  481 239 9 46
1  464 238 18 54
1  445 235 10 41
1  433 227 10 22
1  423 226 9 23
1  414 233 9 35
1  401 235 9 22
1  395 230 6 30
1  386 230 6 26
1  361 223 6 18
1  619 219 20 91
3  308 227 24 15
3  266 226 44 18
3  249 222 16 17
3  234 225 19 19
3  212 234 39 26
3  180 236 29 28
3  238 245 43 56
3  268 242 97 72
1  173 237 7 30
1  168 239 6 23
1  129 233 11 27
1  116 234 10 28
1  106 236 9 28
3  0 236 73 47
1  450 226 11 24
1  441 226 9 24
1  469 224 10 14
1  477 224 9 15
1  355 224 7 15
1  605 225 14 27
