1  587 195 31 82
1  601 175 6 22
1  591 176 8 18
1  586 174 8 15
1  580 182 10 23
1  574 181 8 21
1  558 203 24 72
1  555 190 17 26
1  532 185 14 13
1  531 198 15 42
1  517 176 12 16
1  516 195 14 54
1  512 175 6 14
1  505 179 8 19
1  500 198 16 43
1  494 192 14 19
1  484 194 13 18
1  475 196 16 49
1  485 219 25 45
1  462 192 14 46
1  450 192 13 13
1  443 200 17 65
1  433 195 13 36
1  426 189 12 29
1  409 185 12 29
1  398 182 14 33
1  387 181 12 23
1  377 182 12 29
1  368 189 12 24
1  357 188 12 20
1  347 190 13 17
3  315 204 59 50
3  308 193 35 30
3  301 192 15 20
3  296 189 13 13
3  264 185 31 17
3  253 198 42 35
3  240 191 15 20
3  249 187 13 16
3  221 191 22 31
3  172 195 54 47
3  131 204 42 37
1  92 200 17 48
1  75 200 9 37
1  52 201 12 40
