1  596 226 20 79
1  575 219 20 84
1  553 234 16 54
1  540 238 13 51
1  528 235 22 70
1  508 238 19 55
1  490 239 18 56
1  472 242 13 41
1  458 242 14 45
1  439 237 8 36
1  409 234 11 31
1  397 234 13 39
1  619 221 20 85
3  251 224 13 15
3  237 226 17 17
3  218 232 30 30
3  269 227 45 13
3  236 242 47 62
3  267 239 103 85
1  191 237 11 31
1  131 233 11 28
1  117 235 8 26
1  108 235 10 31
3  0 241 71 43
1  370 229 10 23
1  379 230 10 29
1  418 235 9 30
1  356 227 7 16
1  471 225 12 18
3  178 238 14 27
3  202 235 13 26
1  427 229 10 22
3  274 216 11 11
