1  595 230 22 72
1  566 234 22 71
1  545 230 12 74
1  530 230 16 64
1  516 237 16 59
1  505 242 8 43
1  470 244 12 46
1  454 240 14 48
1  398 236 11 30
1  426 243 12 39
1  485 238 13 56
1  440 243 14 43
1  416 238 10 30
3  256 225 13 12
3  235 225 17 14
3  269 232 43 15
3  244 237 16 14
3  219 234 14 14
3  222 241 32 22
3  188 241 24 26
3  236 251 47 54
3  269 245 99 75
1  211 239 7 24
1  177 240 11 23
1  143 237 7 27
1  136 240 9 29
1  117 240 10 28
1  105 241 10 26
1  98 242 9 25
1  80 249 14 43
3  15 244 66 42
